 Sample   Time     Commanded Pos   Encoder 1 Pos   Control Effort

[    0    0.000               0             -17          0.0195;
     1    0.018              31             -17          0.0513;
     2    0.035              66             -14          0.0549;
     3    0.053             102              -6          0.0800;
     4    0.071             137               7          0.0739;
     5    0.089             173              25          0.0757;
     6    0.106             208              47          0.0775;
     7    0.124             243              72          0.0653;
     8    0.142             279             103          0.0372;
     9    0.159             314             133          0.0476;
    10    0.177             350             161          0.0745;
    11    0.195             385             189          0.0824;
    12    0.213             420             221          0.0726;
    13    0.230             456             256          0.0464;
    14    0.248             491             292          0.0427;
    15    0.266             527             328          0.0354;
    16    0.283             562             365          0.0604;
    17    0.301             598             401          0.0256;
    18    0.319             633             437          0.0385;
    19    0.336             668             471          0.0488;
    20    0.354             704             504          0.0653;
    21    0.372             739             539          0.0665;
    22    0.390             775             576          0.0427;
    23    0.407             810             612          0.0409;
    24    0.425             845             647          0.0427;
    25    0.443             881             682          0.0543;
    26    0.460             916             721          0.0299;
    27    0.478             952             755          0.0440;
    28    0.496             987             789          0.0501;
    29    0.514            1023             823          0.0470;
    30    0.531            1058             857          0.0604;
    31    0.549            1093             894          0.0592;
    32    0.567            1129             931          0.0317;
    33    0.584            1164             967          0.0366;
    34    0.602            1200            1002          0.0586;
    35    0.620            1235            1037          0.0659;
    36    0.638            1270            1072          0.0568;
    37    0.655            1306            1105          0.0513;
    38    0.673            1341            1140          0.0446;
    39    0.691            1377            1177          0.0360;
    40    0.708            1412            1213          0.0635;
    41    0.726            1448            1248          0.0568;
    42    0.744            1483            1282          0.0507;
    43    0.761            1518            1316          0.0458;
    44    0.779            1554            1351          0.0440;
    45    0.797            1589            1387          0.0629;
    46    0.815            1625            1425          0.0397;
    47    0.832            1660            1460          0.0458;
    48    0.850            1695            1495          0.0452;
    49    0.868            1731            1529          0.0611;
    50    0.885            1766            1563          0.0690;
    51    0.903            1802            1600          0.0598;
    52    0.921            1837            1636          0.0354;
    53    0.939            1873            1672          0.0543;
    54    0.956            1908            1705          0.0635;
    55    0.974            1943            1739          0.0702;
    56    0.992            1979            1776          0.0611;
    57    1.009            2000            1813          0.0226;
    58    1.027            2000            1848          0.0018;
    59    1.045            2000            1876          0.0000;
    60    1.063            2000            1896          0.0299;
    61    1.080            2000            1911          0.0403;
    62    1.098            2000            1922          0.0488;
    63    1.116            1978            1928          0.0342;
    64    1.133            1943            1930          0.0128;
    65    1.151            1907            1926          0.0055;
    66    1.169            1872            1916          0.0079;
    67    1.186            1836            1903         -0.0079;
    68    1.204            1801            1886         -0.0116;
    69    1.222            1766            1865          0.0116;
    70    1.240            1730            1842         -0.0159;
    71    1.257            1695            1817         -0.0079;
    72    1.275            1659            1795         -0.0495;
    73    1.293            1624            1771         -0.0525;
    74    1.310            1588            1745         -0.0556;
    75    1.328            1553            1716         -0.0299;
    76    1.346            1518            1684         -0.0159;
    77    1.364            1482            1649          0.0000;
    78    1.381            1447            1611         -0.0232;
    79    1.399            1411            1577         -0.0116;
    80    1.417            1376            1542         -0.0055;
    81    1.434            1341            1506          0.0012;
    82    1.452            1305            1469         -0.0140;
    83    1.470            1270            1431          0.0147;
    84    1.488            1234            1395          0.0043;
    85    1.505            1199            1361         -0.0183;
    86    1.523            1163            1327         -0.0269;
    87    1.541            1128            1292         -0.0275;
    88    1.558            1093            1259         -0.0299;
    89    1.576            1057            1225         -0.0281;
    90    1.594            1022            1191         -0.0122;
    91    1.611             986            1156         -0.0110;
    92    1.629             951            1123         -0.0244;
    93    1.647             916            1091         -0.0305;
    94    1.665             880            1058         -0.0330;
    95    1.682             845            1024         -0.0409;
    96    1.700             809             989         -0.0421;
    97    1.718             774             953         -0.0256;
    98    1.735             738             918         -0.0238;
    99    1.753             703             885         -0.0385;
   100    1.771             668             853         -0.0397;
   101    1.789             632             819         -0.0348;
   102    1.806             597             785         -0.0385;
   103    1.824             561             749         -0.0427;
   104    1.842             526             711         -0.0098;
   105    1.859             491             674         -0.0250;
   106    1.877             455             641         -0.0495;
   107    1.895             420             608         -0.0482;
   108    1.913             384             573         -0.0476;
   109    1.930             349             538         -0.0519;
   110    1.948             313             505         -0.0470;
   111    1.966             278             469         -0.0324;
   112    1.983             243             432         -0.0256;
   113    2.001             207             395         -0.0440;
   114    2.019             172             360         -0.0342;
   115    2.036             136             327         -0.0433;
   116    2.054             101             293         -0.0421;
   117    2.072              66             258         -0.0409;
   118    2.090              30             225         -0.0513;
   119    2.107              -5             191         -0.0635;
   120    2.125             -41             155         -0.0556;
   121    2.143             -76             116         -0.0159;
   122    2.160            -112              76         -0.0354;
   123    2.178            -147              41         -0.0403;
   124    2.196            -182               8         -0.0397;
   125    2.214            -218             -26         -0.0458;
   126    2.231            -253             -58         -0.0543;
   127    2.249            -289             -89         -0.0604;
   128    2.267            -324            -125         -0.0391;
   129    2.284            -360            -162         -0.0452;
   130    2.302            -395            -198         -0.0580;
   131    2.320            -430            -232         -0.0549;
   132    2.338            -466            -266         -0.0488;
   133    2.355            -501            -301         -0.0433;
   134    2.373            -537            -336         -0.0507;
   135    2.391            -572            -373         -0.0623;
   136    2.408            -607            -408         -0.0421;
   137    2.426            -643            -444         -0.0446;
   138    2.444            -678            -477         -0.0543;
   139    2.461            -714            -511         -0.0562;
   140    2.479            -749            -544         -0.0745;
   141    2.497            -785            -579         -0.0739;
   142    2.515            -820            -616         -0.0482;
   143    2.532            -855            -651         -0.0507;
   144    2.550            -891            -686         -0.0458;
   145    2.568            -926            -722         -0.0690;
   146    2.585            -962            -759         -0.0617;
   147    2.603            -997            -793         -0.0549;
   148    2.621           -1032            -827         -0.0537;
   149    2.639           -1068            -862         -0.0513;
   150    2.656           -1103            -898         -0.0604;
   151    2.674           -1139            -938         -0.0232;
   152    2.692           -1174            -976         -0.0299;
   153    2.709           -1210           -1012         -0.0659;
   154    2.727           -1245           -1046         -0.0672;
   155    2.745           -1280           -1080         -0.0507;
   156    2.763           -1316           -1113         -0.0678;
   157    2.780           -1351           -1143         -0.0965;
   158    2.798           -1387           -1174         -0.0916;
   159    2.816           -1422           -1208         -0.0678;
   160    2.833           -1457           -1243         -0.0543;
   161    2.851           -1493           -1281         -0.0507;
   162    2.869           -1528           -1319         -0.0672;
   163    2.886           -1564           -1353         -0.0556;
   164    2.904           -1599           -1392         -0.0256;
   165    2.922           -1635           -1432         -0.0336;
   166    2.940           -1670           -1465         -0.0726;
   167    2.957           -1705           -1496         -0.0745;
   168    2.975           -1741           -1530         -0.0665;
   169    2.993           -1776           -1564         -0.0604;
   170    3.010           -1812           -1600         -0.0556;
   171    3.028           -1847           -1635         -0.0775;
   172    3.046           -1882           -1671         -0.0751;
   173    3.064           -1918           -1706         -0.0549;
   174    3.081           -1953           -1745         -0.0311;
   175    3.099           -1989           -1786         -0.0110;
   176    3.117           -2000           -1824         -0.0317;
   177    3.134           -2000           -1852         -0.0409;
   178    3.152           -2000           -1874         -0.0488;
   179    3.170           -2000           -1894         -0.0214;
   180    3.188           -2000           -1910         -0.0159;
   181    3.205           -2000           -1922         -0.0372;
   182    3.223           -1967           -1933          0.0092;
   183    3.241           -1932           -1939          0.0250;
   184    3.258           -1897           -1937          0.0116;
   185    3.276           -1861           -1929          0.0232;
   186    3.294           -1826           -1915          0.0330;
   187    3.311           -1790           -1896          0.0159;
   188    3.329           -1755           -1873          0.0122;
   189    3.347           -1719           -1847          0.0116;
   190    3.365           -1684           -1815         -0.0116;
   191    3.382           -1649           -1780         -0.0110;
   192    3.400           -1613           -1753          0.0409;
   193    3.418           -1578           -1728          0.0421;
   194    3.435           -1542           -1703          0.0537;
   195    3.453           -1507           -1674          0.0403;
   196    3.471           -1472           -1641          0.0238;
   197    3.489           -1436           -1606          0.0171;
   198    3.506           -1401           -1569          0.0208;
   199    3.524           -1365           -1534          0.0043;
   200    3.542           -1330           -1498          0.0043;
   201    3.559           -1294           -1462          0.0140;
   202    3.577           -1259           -1423         -0.0147;
   203    3.595           -1224           -1386         -0.0024;
   204    3.613           -1188           -1354          0.0250;
   205    3.630           -1153           -1323          0.0263;
   206    3.648           -1117           -1289          0.0226;
   207    3.666           -1082           -1256          0.0342;
   208    3.683           -1047           -1223          0.0379;
   209    3.701           -1011           -1188          0.0372;
   210    3.719            -976           -1152          0.0226;
   211    3.736            -940           -1114          0.0006;
   212    3.754            -905           -1074          0.0140;
   213    3.772            -869           -1039          0.0085;
   214    3.790            -834           -1005          0.0085;
   215    3.807            -799            -969          0.0073;
   216    3.825            -763            -936          0.0470;
   217    3.843            -728            -906          0.0482;
   218    3.860            -692            -875          0.0385;
   219    3.878            -657            -841          0.0256;
   220    3.896            -622            -805          0.0360;
   221    3.914            -586            -769          0.0409;
   222    3.931            -551            -733          0.0214;
   223    3.949            -515            -697          0.0159;
   224    3.967            -480            -663          0.0379;
   225    3.984            -444            -628          0.0452;
   226    4.002            -409            -592          0.0366;
   227    4.020            -374            -558          0.0336;
   228    4.038            -338            -523          0.0244;
   229    4.055            -303            -488          0.0232;
   230    4.073            -267            -452          0.0452;
   231    4.091            -232            -415          0.0232;
   232    4.108            -197            -381          0.0324;
   233    4.126            -161            -346          0.0263;
   234    4.144            -126            -312          0.0385;
   235    4.161             -90            -278          0.0513;
   236    4.179             -55            -243          0.0543;
   237    4.197             -19            -208          0.0311;
   238    4.215               0            -171          0.0049;
   239    4.232               0            -136         -0.0092;
   240    4.250               0            -110         -0.0079;
   241    4.268               0             -91          0.0342;
   242    4.285               0             -77          0.0366;
   243    4.303               0             -64         -0.0037;
   244    4.321               0             -55          0.0183;
   245    4.339               0             -46          0.0232;
   246    4.356               0             -39          0.0201;
   247    4.374               0             -33          0.0055;
   248    4.392               0             -30          0.0208;
   249    4.409               0             -28          0.0263;
   250    4.427               0             -28          0.0317;
   251    4.445               0             -27          0.0275;
   252    4.463               0             -27          0.0305;
   253    4.480               0             -26          0.0275;
   254    4.498               0             -26          0.0287;
   255    4.516               0             -26          0.0293;
   256    4.533               0             -26          0.0293;
   257    4.551               0             -25          0.0281;
   258    4.569               0             -25          0.0275;
   259    4.586               0             -24          0.0256;
   260    4.604               0             -25          0.0519;
   261    4.622               0             -24          0.0275;
   262    4.640               0             -24          0.0275;
   263    4.657               0             -24          0.0275;
   264    4.675               0             -24          0.0275;
   265    4.693               0             -24          0.0275;
   266    4.710               0             -24          0.0275;
   267    4.728               0             -24          0.0275;
   268    4.746               0             -23          0.0269;
   269    4.764               0             -23          0.0256;
   270    4.781               0             -23          0.0269;
   271    4.799               0             -23          0.0263;
   272    4.817               0             -23          0.0250;
   273    4.834               0             -23          0.0250;
   274    4.852               0             -23          0.0263;
   275    4.870               0             -23          0.0256;
   276    4.888               0             -23          0.0256;
   277    4.905               0             -23          0.0256;
   278    4.923               0             -23          0.0256;
   279    4.941               0             -23          0.0256;
   280    4.958               0             -23          0.0256;
   281    4.976               0             -23          0.0256;
   282    4.994               0             -23          0.0256;
   283    5.011               0             -23          0.0256;
   284    5.029               0             -23          0.0256;
   285    5.047               0             -23          0.0256;
   286    5.065               0             -23          0.0256;
   287    5.082               0             -23          0.0256;
   288    5.100               0             -23          0.0256;
   289    5.118               0             -23          0.0256;
   290    5.135               0             -23          0.0256;
   291    5.153               0             -23          0.0256;
   292    5.171               0             -22          0.0256;
   293    5.189               0             -22          0.0256;
   294    5.206               0             -22          0.0256;
   295    5.224               0             -22          0.0256;
   296    5.242               0             -22          0.0256;
   297    5.259               0             -22          0.0256;
   298    5.277               0             -22          0.0256;
   299    5.295               0             -22          0.0256;
   300    5.313               0             -22          0.0256;
   301    5.330               0             -22          0.0256;
   302    5.348               0             -22          0.0256;
   303    5.366               0             -22          0.0256;
   304    5.383               0             -22          0.0250;
   305    5.401               0             -22          0.0250;
   306    5.419               0             -22          0.0250;
   307    5.436               0             -22          0.0250;
   308    5.454               0             -22          0.0250;
   309    5.472               0             -22          0.0250;
   310    5.490               0             -22          0.0250;
   311    5.507               0             -22          0.0250;
   312    5.525               0             -22          0.0238;
   313    5.543               0             -22          0.0250;
   314    5.560               0             -22          0.0250;
   315    5.578               0             -22          0.0250;
   316    5.596               0             -22          0.0250;
   317    5.614               0             -22          0.0250;
   318    5.631               0             -22          0.0250;
   319    5.649               0             -22          0.0250;
   320    5.667               0             -22          0.0250;
   321    5.684               0             -22          0.0250;
   322    5.702               0             -22          0.0250;
   323    5.720               0             -22          0.0250;
   324    5.738               0             -22          0.0250;
   325    5.755               0             -22          0.0250;
   326    5.773               0             -22          0.0250;
   327    5.791               0             -22          0.0250;
   328    5.808               0             -22          0.0250;
   329    5.826               0             -22          0.0250;
   330    5.844               0             -22          0.0250;
   331    5.861               0             -22          0.0250;
   332    5.879               0             -22          0.0250;
   333    5.897               0             -22          0.0250;
   334    5.915               0             -22          0.0250;
   335    5.932               0             -22          0.0250;
   336    5.950               0             -22          0.0250;
   337    5.968               0             -22          0.0250;
   338    5.985               0             -22          0.0250;
   339    6.003               0             -22          0.0250;
   340    6.021               0             -22          0.0250;
   341    6.039               0             -22          0.0250;
   342    6.056               0             -22          0.0250;
   343    6.074               0             -22          0.0250;
   344    6.092               0             -22          0.0250;
   345    6.109               0             -22          0.0250;
   346    6.127               0             -22          0.0250;
   347    6.145               0             -22          0.0250;
   348    6.163               0             -22          0.0250;
   349    6.180               0             -22          0.0250;
   350    6.198               0             -22          0.0250;
   351    6.216               0             -22          0.0250;
   352    6.233               0             -22          0.0250;
   353    6.251               0             -22          0.0250;
   354    6.269               0             -22          0.0250;
   355    6.286               0             -22          0.0250;
   356    6.304               0             -22          0.0244;
   357    6.322               0             -21          0.0244;
   358    6.340               0             -21          0.0244;
   359    6.357               0             -21          0.0244;
   360    6.375               0             -21          0.0244;
   361    6.393               0             -21          0.0232;
   362    6.410               0             -21          0.0244;
   363    6.428               0             -21          0.0244;
   364    6.446               0             -21          0.0244;
   365    6.464               0             -21          0.0244;
   366    6.481               0             -21          0.0244;
   367    6.499               0             -21          0.0244;
   368    6.517               0             -21          0.0244;
   369    6.534               0             -21          0.0232;
   370    6.552               0             -21          0.0244;
   371    6.570               0             -21          0.0244;
   372    6.588               0             -21          0.0244;
   373    6.605               0             -21          0.0244;
   374    6.623               0             -21          0.0244;
   375    6.641               0             -21          0.0244;
   376    6.658               0             -21          0.0244;
   377    6.676               0             -21          0.0226;
   378    6.694               0             -21          0.0244;
   379    6.711               0             -21          0.0244;
   380    6.729               0             -21          0.0238;
   381    6.747               0             -21          0.0238;
   382    6.765               0             -21          0.0238;
   383    6.782               0             -21          0.0238;
   384    6.800               0             -21          0.0238;
   385    6.818               0             -21          0.0238;
   386    6.835               0             -21          0.0238;
   387    6.853               0             -21          0.0238;
   388    6.871               0             -21          0.0238;
   389    6.889               0             -21          0.0238;
   390    6.906               0             -21          0.0226;
   391    6.924               0             -21          0.0238;
   392    6.942               0             -21          0.0238;
   393    6.959               0             -21          0.0238;
   394    6.977               0             -21          0.0238;
   395    6.995               0             -21          0.0238;
   396    7.013               0             -21          0.0238;
   397    7.030               0             -21          0.0244;
   398    7.048               0             -21          0.0244;
   399    7.066               0             -21          0.0244;
   400    7.083               0             -21          0.0244;
   401    7.101               0             -21          0.0244;
   402    7.119               0             -21          0.0244;
   403    7.136               0             -21          0.0244;
   404    7.154               0             -21          0.0244;
   405    7.172               0             -21          0.0244;
   406    7.190               0             -21          0.0244;
   407    7.207               0             -21          0.0244;
   408    7.225               0             -21          0.0244;
   409    7.243               0             -21          0.0244;
   410    7.260               0             -21          0.0244;
   411    7.278               0             -21          0.0244;
   412    7.296               0             -21          0.0244;
   413    7.314               0             -21          0.0244;
   414    7.331               0             -21          0.0244;
   415    7.349               0             -21          0.0244;
   416    7.367               0             -21          0.0244;
   417    7.384               0             -21          0.0244;
   418    7.402               0             -21          0.0244;
   419    7.420               0             -21          0.0244;
   420    7.438               0             -21          0.0244;
   421    7.455               0             -21          0.0244;
   422    7.473               0             -21          0.0244;
   423    7.491               0             -21          0.0244;
   424    7.508               0             -21          0.0244;
   425    7.526               0             -21          0.0244;
   426    7.544               0             -21          0.0244;
   427    7.561               0             -21          0.0244;
   428    7.579               0             -21          0.0244;
   429    7.597               0             -21          0.0244;
   430    7.615               0             -21          0.0244;
   431    7.632               0             -21          0.0244;
   432    7.650               0             -21          0.0244;
   433    7.668               0             -21          0.0244;
   434    7.685               0             -21          0.0244;
   435    7.703               0             -21          0.0244;
   436    7.721               0             -21          0.0244;
   437    7.739               0             -21          0.0244;
   438    7.756               0             -21          0.0244;
   439    7.774               0             -21          0.0244;
   440    7.792               0             -21          0.0244;
   441    7.809               0             -21          0.0244;
   442    7.827               0             -21          0.0244;
   443    7.845               0             -21          0.0244;
   444    7.863               0             -21          0.0244;
   445    7.880               0             -21          0.0244;
   446    7.898               0             -21          0.0244;
   447    7.916               0             -21          0.0244;
   448    7.933               0             -21          0.0244;
   449    7.951               0             -21          0.0244;
   450    7.969               0             -21          0.0244;
   451    7.986               0             -21          0.0244;
   452    8.004               0             -21          0.0244;
   453    8.022               0             -21          0.0244;
   454    8.040               0             -21          0.0244;
   455    8.057               0             -21          0.0244;
   456    8.075               0             -21          0.0244;
   457    8.093               0             -21          0.0244;
   458    8.110               0             -21          0.0244;
   459    8.128               0             -21          0.0244;
   460    8.146               0             -21          0.0244;
   461    8.164               0             -21          0.0244;
   462    8.181               0             -21          0.0244;
   463    8.199               0             -21          0.0244;
   464    8.217               0             -21          0.0244;
   465    8.234               0             -21          0.0244;
   466    8.252               0             -21          0.0244;
   467    8.270               0             -21          0.0244;
   468    8.288               0             -21          0.0244;
   469    8.305               0             -21          0.0244;
   470    8.323               0             -21          0.0244;
   471    8.341               0             -21          0.0244;
   472    8.358               0             -21          0.0244;
   473    8.376               0             -21          0.0244;
   474    8.394               0             -21          0.0244;
   475    8.411               0             -21          0.0244;
   476    8.429               0             -21          0.0244;
   477    8.447               0             -21          0.0244;
   478    8.465               0             -21          0.0244;
   479    8.482               0             -21          0.0244;
   480    8.500               0             -21          0.0244;
   481    8.518               0             -21          0.0244;
   482    8.535               0             -21          0.0244;
   483    8.553               0             -21          0.0244;
   484    8.571               0             -21          0.0244;
   485    8.589               0             -21          0.0244;
   486    8.606               0             -21          0.0244;
   487    8.624               0             -21          0.0244;
   488    8.642               0             -21          0.0244;
   489    8.659               0             -21          0.0244;
   490    8.677               0             -21          0.0244;
   491    8.695               0             -21          0.0244;
   492    8.713               0             -21          0.0244;
   493    8.730               0             -21          0.0244;
   494    8.748               0             -21          0.0244;
   495    8.766               0             -21          0.0244;
   496    8.783               0             -21          0.0244;
   497    8.801               0             -21          0.0244;
   498    8.819               0             -21          0.0244;
   499    8.836               0             -21          0.0244;
   500    8.854               0             -21          0.0244;
   501    8.872               0             -21          0.0244;
   502    8.890               0             -21          0.0244;
   503    8.907               0             -21          0.0244;
   504    8.925               0             -21          0.0244;
   505    8.943               0             -21          0.0244;
   506    8.960               0             -21          0.0244;
   507    8.978               0             -21          0.0244;
   508    8.996               0             -21          0.0244;
   509    9.014               0             -21          0.0244;
   510    9.031               0             -21          0.0244;
   511    9.049               0             -21          0.0244;
   512    9.067               0             -21          0.0244;
   513    9.084               0             -21          0.0238;
   514    9.102               0             -21          0.0244;
   515    9.120               0             -21          0.0244;
   516    9.138               0             -20          0.0244;
   517    9.155               0             -21          0.0244;
   518    9.173               0             -21          0.0244;
   519    9.191               0             -21          0.0244]
