 Sample   Time     Commanded Pos   Encoder 1 Pos   Control Effort

[    0    0.000               0              -0          0.0055;
     1    0.018              31               4          0.1795;
     2    0.035              66              29          0.0800;
     3    0.053             102              63          0.0513;
     4    0.071             137             100          0.0427;
     5    0.089             173             138          0.0665;
     6    0.106             208             175          0.0385;
     7    0.124             243             210          0.0586;
     8    0.142             279             247          0.0549;
     9    0.159             314             285          0.0568;
    10    0.177             350             323          0.0446;
    11    0.195             385             363          0.0574;
    12    0.213             420             402          0.0360;
    13    0.230             456             440          0.0507;
    14    0.248             491             477          0.0433;
    15    0.266             527             514          0.0458;
    16    0.283             562             551          0.0525;
    17    0.301             598             587          0.0611;
    18    0.319             633             624          0.0317;
    19    0.336             668             661          0.0397;
    20    0.354             704             698          0.0623;
    21    0.372             739             734          0.0354;
    22    0.390             775             770          0.0403;
    23    0.407             810             805          0.0507;
    24    0.425             845             839          0.0702;
    25    0.443             881             875          0.0623;
    26    0.460             916             912          0.0342;
    27    0.478             952             949          0.0330;
    28    0.496             987             985          0.0653;
    29    0.514            1023            1020          0.0623;
    30    0.531            1058            1056          0.0415;
    31    0.549            1093            1091          0.0415;
    32    0.567            1129            1127          0.0543;
    33    0.584            1164            1163          0.0629;
    34    0.602            1200            1199          0.0391;
    35    0.620            1235            1234          0.0403;
    36    0.638            1270            1269          0.0488;
    37    0.655            1306            1305          0.0653;
    38    0.673            1341            1340          0.0592;
    39    0.691            1377            1375          0.0537;
    40    0.708            1412            1409          0.0501;
    41    0.726            1448            1446          0.0287;
    42    0.744            1483            1482          0.0617;
    43    0.761            1518            1517          0.0592;
    44    0.779            1554            1551          0.0537;
    45    0.797            1589            1585          0.0488;
    46    0.815            1625            1621          0.0458;
    47    0.832            1660            1657          0.0659;
    48    0.850            1695            1694          0.0348;
    49    0.868            1731            1730          0.0440;
    50    0.885            1766            1767          0.0433;
    51    0.903            1802            1803          0.0568;
    52    0.921            1837            1839          0.0409;
    53    0.939            1873            1872          0.0519;
    54    0.956            1908            1905          0.0537;
    55    0.974            1943            1940          0.0458;
    56    0.992            1979            1977          0.0556;
    57    1.009            2000            2012         -0.0904;
    58    1.027            2000            2030         -0.0464;
    59    1.045            2000            2034         -0.0043;
    60    1.063            2000            2033          0.0049;
    61    1.080            2000            2029          0.0275;
    62    1.098            2000            2025          0.0305;
    63    1.116            1978            2019         -0.1569;
    64    1.133            1943            1995         -0.0580;
    65    1.151            1907            1960         -0.0287;
    66    1.169            1872            1923         -0.0495;
    67    1.186            1836            1883          0.0018;
    68    1.204            1801            1839         -0.0006;
    69    1.222            1766            1796          0.0122;
    70    1.240            1730            1756          0.0104;
    71    1.257            1695            1717         -0.0006;
    72    1.275            1659            1678          0.0067;
    73    1.293            1624            1642         -0.0049;
    74    1.310            1588            1604         -0.0134;
    75    1.328            1553            1568         -0.0171;
    76    1.346            1518            1531         -0.0049;
    77    1.364            1482            1493          0.0006;
    78    1.381            1447            1455          0.0061;
    79    1.399            1411            1418          0.0024;
    80    1.417            1376            1384         -0.0226;
    81    1.434            1341            1349         -0.0299;
    82    1.452            1305            1314         -0.0336;
    83    1.470            1270            1280         -0.0263;
    84    1.488            1234            1246         -0.0171;
    85    1.505            1199            1210         -0.0140;
    86    1.523            1163            1175         -0.0226;
    87    1.541            1128            1141         -0.0433;
    88    1.558            1093            1107         -0.0446;
    89    1.576            1057            1073         -0.0379;
    90    1.594            1022            1038         -0.0324;
    91    1.611             986            1003         -0.0293;
    92    1.629             951             967         -0.0238;
    93    1.647             916             931         -0.0470;
    94    1.665             880             896         -0.0409;
    95    1.682             845             860         -0.0281;
    96    1.700             809             824         -0.0317;
    97    1.718             774             788         -0.0482;
    98    1.735             738             751         -0.0275;
    99    1.753             703             713         -0.0159;
   100    1.771             668             675         -0.0470;
   101    1.789             632             640         -0.0342;
   102    1.806             597             604         -0.0305;
   103    1.824             561             571         -0.0403;
   104    1.842             526             537         -0.0433;
   105    1.859             491             500         -0.0488;
   106    1.877             455             462         -0.0201;
   107    1.895             420             426         -0.0293;
   108    1.913             384             391         -0.0391;
   109    1.930             349             356         -0.0604;
   110    1.948             313             322         -0.0556;
   111    1.966             278             286         -0.0379;
   112    1.983             243             252         -0.0446;
   113    2.001             207             217         -0.0372;
   114    2.019             172             180         -0.0568;
   115    2.036             136             142         -0.0183;
   116    2.054             101             104         -0.0189;
   117    2.072              66              67         -0.0470;
   118    2.090              30              32         -0.0501;
   119    2.107              -5              -1         -0.0574;
   120    2.125             -41             -33         -0.0629;
   121    2.143             -76             -66         -0.0556;
   122    2.160            -112            -101         -0.0415;
   123    2.178            -147            -140         -0.0385;
   124    2.196            -182            -176         -0.0446;
   125    2.214            -218            -210         -0.0574;
   126    2.231            -253            -244         -0.0543;
   127    2.249            -289            -279         -0.0476;
   128    2.267            -324            -315         -0.0592;
   129    2.284            -360            -350         -0.0733;
   130    2.302            -395            -387         -0.0440;
   131    2.320            -430            -423         -0.0379;
   132    2.338            -466            -459         -0.0678;
   133    2.355            -501            -493         -0.0769;
   134    2.373            -537            -528         -0.0623;
   135    2.391            -572            -564         -0.0519;
   136    2.408            -607            -600         -0.0391;
   137    2.426            -643            -638         -0.0635;
   138    2.444            -678            -675         -0.0421;
   139    2.461            -714            -712         -0.0403;
   140    2.479            -749            -749         -0.0604;
   141    2.497            -785            -785         -0.0458;
   142    2.515            -820            -819         -0.0543;
   143    2.532            -855            -850         -0.0720;
   144    2.550            -891            -882         -0.0696;
   145    2.568            -926            -918         -0.0537;
   146    2.585            -962            -958         -0.0433;
   147    2.603            -997            -998         -0.0220;
   148    2.621           -1032           -1037         -0.0525;
   149    2.639           -1068           -1073         -0.0366;
   150    2.656           -1103           -1105         -0.0696;
   151    2.674           -1139           -1135         -0.0952;
   152    2.692           -1174           -1166         -0.0934;
   153    2.709           -1210           -1199         -0.0842;
   154    2.727           -1245           -1235         -0.0543;
   155    2.745           -1280           -1274         -0.0342;
   156    2.763           -1316           -1312         -0.0647;
   157    2.780           -1351           -1350         -0.0409;
   158    2.798           -1387           -1391         -0.0427;
   159    2.816           -1422           -1426         -0.0519;
   160    2.833           -1457           -1457         -0.0733;
   161    2.851           -1493           -1489         -0.0672;
   162    2.869           -1528           -1523         -0.0696;
   163    2.886           -1564           -1556         -0.0702;
   164    2.904           -1599           -1591         -0.0549;
   165    2.922           -1635           -1629         -0.0708;
   166    2.940           -1670           -1665         -0.0531;
   167    2.957           -1705           -1702         -0.0488;
   168    2.975           -1741           -1741         -0.0617;
   169    2.993           -1776           -1779         -0.0305;
   170    3.010           -1812           -1813         -0.0574;
   171    3.028           -1847           -1845         -0.0690;
   172    3.046           -1882           -1879         -0.0611;
   173    3.064           -1918           -1915         -0.0726;
   174    3.081           -1953           -1951         -0.0696;
   175    3.099           -1989           -1988         -0.0513;
   176    3.117           -2000           -2022          0.1422;
   177    3.134           -2000           -2036          0.0391;
   178    3.152           -2000           -2040          0.0012;
   179    3.170           -2000           -2038         -0.0372;
   180    3.188           -2000           -2035         -0.0201;
   181    3.205           -2000           -2032         -0.0238;
   182    3.223           -1967           -2023          0.1404;
   183    3.241           -1932           -1994          0.0641;
   184    3.258           -1897           -1956          0.0348;
   185    3.276           -1861           -1916          0.0147;
   186    3.294           -1826           -1875          0.0232;
   187    3.311           -1790           -1834          0.0012;
   188    3.329           -1755           -1793         -0.0085;
   189    3.347           -1719           -1751          0.0073;
   190    3.365           -1684           -1714          0.0079;
   191    3.382           -1649           -1677          0.0128;
   192    3.400           -1613           -1639          0.0305;
   193    3.418           -1578           -1602          0.0147;
   194    3.435           -1542           -1566          0.0189;
   195    3.453           -1507           -1527          0.0263;
   196    3.471           -1472           -1489         -0.0073;
   197    3.489           -1436           -1450         -0.0085;
   198    3.506           -1401           -1410         -0.0085;
   199    3.524           -1365           -1371         -0.0043;
   200    3.542           -1330           -1339          0.0513;
   201    3.559           -1294           -1307          0.0415;
   202    3.577           -1259           -1271          0.0336;
   203    3.595           -1224           -1236          0.0287;
   204    3.613           -1188           -1202          0.0305;
   205    3.630           -1153           -1166          0.0195;
   206    3.648           -1117           -1129          0.0159;
   207    3.666           -1082           -1091          0.0171;
   208    3.683           -1047           -1050         -0.0085;
   209    3.701           -1011           -1013          0.0287;
   210    3.719            -976            -977          0.0098;
   211    3.736            -940            -942          0.0085;
   212    3.754            -905            -909          0.0330;
   213    3.772            -869            -879          0.0470;
   214    3.790            -834            -847          0.0427;
   215    3.807            -799            -812          0.0244;
   216    3.825            -763            -774          0.0348;
   217    3.843            -728            -738          0.0208;
   218    3.860            -692            -702          0.0250;
   219    3.878            -657            -666          0.0305;
   220    3.896            -622            -630          0.0482;
   221    3.914            -586            -595          0.0330;
   222    3.931            -551            -559          0.0311;
   223    3.949            -515            -525          0.0311;
   224    3.967            -480            -488          0.0452;
   225    3.984            -444            -452          0.0379;
   226    4.002            -409            -414          0.0189;
   227    4.020            -374            -378          0.0317;
   228    4.038            -338            -343          0.0568;
   229    4.055            -303            -308          0.0379;
   230    4.073            -267            -272          0.0250;
   231    4.091            -232            -237          0.0317;
   232    4.108            -197            -202          0.0446;
   233    4.126            -161            -166          0.0464;
   234    4.144            -126            -128          0.0092;
   235    4.161             -90             -93          0.0275;
   236    4.179             -55             -59          0.0458;
   237    4.197             -19             -26          0.0598;
   238    4.215               0               9         -0.1300;
   239    4.232               0              28         -0.0958;
   240    4.250               0              35         -0.0324;
   241    4.268               0              35         -0.0147;
   242    4.285               0              29          0.0201;
   243    4.303               0              24          0.0201;
   244    4.321               0              19          0.0171;
   245    4.339               0              16          0.0055;
   246    4.356               0              14          0.0116;
   247    4.374               0              14         -0.0018;
   248    4.392               0              13          0.0018;
   249    4.409               0              13          0.0012;
   250    4.427               0              11          0.0049;
   251    4.445               0              11         -0.0024;
   252    4.463               0              11         -0.0037;
   253    4.480               0              11         -0.0018;
   254    4.498               0              10          0.0098;
   255    4.516               0               9          0.0000;
   256    4.533               0               9         -0.0049;
   257    4.551               0               9         -0.0055;
   258    4.569               0               9         -0.0067;
   259    4.586               0               9         -0.0073;
   260    4.604               0               9         -0.0067;
   261    4.622               0               9         -0.0085;
   262    4.640               0               8          0.0043;
   263    4.657               0               8         -0.0061;
   264    4.675               0               7         -0.0061;
   265    4.693               0               7         -0.0092;
   266    4.710               0               7         -0.0085;
   267    4.728               0               6          0.0073;
   268    4.746               0               5         -0.0049;
   269    4.764               0               5         -0.0092;
   270    4.781               0               5         -0.0079;
   271    4.799               0               4         -0.0067;
   272    4.817               0               3         -0.0043;
   273    4.834               0               3         -0.0085;
   274    4.852               0               3         -0.0085;
   275    4.870               0               3         -0.0092;
   276    4.888               0               3         -0.0092;
   277    4.905               0               3         -0.0079;
   278    4.923               0               2          0.0085;
   279    4.941               0               1         -0.0055;
   280    4.958               0               1         -0.0073;
   281    4.976               0               1         -0.0079;
   282    4.994               0               1         -0.0067;
   283    5.011               0               1         -0.0061;
   284    5.029               0               1         -0.0061;
   285    5.047               0               0         -0.0055;
   286    5.065               0               0         -0.0067;
   287    5.082               0               0         -0.0067;
   288    5.100               0              -0         -0.0055;
   289    5.118               0              -0         -0.0067;
   290    5.135               0              -0         -0.0061;
   291    5.153               0              -1         -0.0061;
   292    5.171               0              -1         -0.0055;
   293    5.189               0              -1         -0.0037;
   294    5.206               0              -1         -0.0037;
   295    5.224               0              -1         -0.0031;
   296    5.242               0              -2         -0.0031;
   297    5.259               0              -2         -0.0037;
   298    5.277               0              -2         -0.0037;
   299    5.295               0              -2         -0.0037;
   300    5.313               0              -2         -0.0037;
   301    5.330               0              -2         -0.0031;
   302    5.348               0              -2         -0.0031;
   303    5.366               0              -2         -0.0031;
   304    5.383               0              -2         -0.0024;
   305    5.401               0              -2         -0.0024;
   306    5.419               0              -2         -0.0006;
   307    5.436               0              -2         -0.0018;
   308    5.454               0              -2         -0.0018;
   309    5.472               0              -2          0.0000;
   310    5.490               0              -2         -0.0012;
   311    5.507               0              -2         -0.0006;
   312    5.525               0              -3          0.0006;
   313    5.543               0              -3          0.0000;
   314    5.560               0              -3          0.0018;
   315    5.578               0              -3          0.0006;
   316    5.596               0              -3          0.0006;
   317    5.614               0              -3          0.0012;
   318    5.631               0              -3          0.0012;
   319    5.649               0              -3          0.0018;
   320    5.667               0              -3          0.0018;
   321    5.684               0              -3          0.0018;
   322    5.702               0              -3          0.0024;
   323    5.720               0              -1          0.0024;
   324    5.738               0              -2          0.0018;
   325    5.755               0              -2          0.0024;
   326    5.773               0              -2          0.0024;
   327    5.791               0              -2          0.0024;
   328    5.808               0              -2          0.0031;
   329    5.826               0              -2          0.0031;
   330    5.844               0              -2          0.0031;
   331    5.861               0              -2          0.0037;
   332    5.879               0              -2          0.0037;
   333    5.897               0              -2          0.0037;
   334    5.915               0              -1          0.0031;
   335    5.932               0              -2          0.0031;
   336    5.950               0              -1         -0.0177;
   337    5.968               0              -1          0.0031;
   338    5.985               0              -1          0.0031;
   339    6.003               0              -1          0.0037;
   340    6.021               0              -1          0.0037;
   341    6.039               0              -1          0.0037;
   342    6.056               0              -1          0.0049;
   343    6.074               0              -1          0.0037;
   344    6.092               0              -1          0.0043;
   345    6.109               0              -1          0.0043;
   346    6.127               0              -1          0.0043;
   347    6.145               0              -1          0.0043;
   348    6.163               0              -1          0.0043;
   349    6.180               0              -1          0.0049;
   350    6.198               0              -1          0.0049;
   351    6.216               0              -1          0.0049;
   352    6.233               0              -1          0.0049;
   353    6.251               0              -1          0.0049;
   354    6.269               0              -1          0.0055;
   355    6.286               0              -1          0.0055;
   356    6.304               0              -1          0.0055;
   357    6.322               0              -1          0.0055;
   358    6.340               0              -1          0.0055;
   359    6.357               0              -1          0.0055;
   360    6.375               0              -1          0.0061;
   361    6.393               0              -1          0.0061;
   362    6.410               0              -1          0.0061;
   363    6.428               0              -1          0.0061;
   364    6.446               0              -1          0.0061;
   365    6.464               0              -1          0.0067;
   366    6.481               0              -1          0.0067;
   367    6.499               0              -1          0.0067;
   368    6.517               0              -1          0.0067;
   369    6.534               0              -1          0.0067;
   370    6.552               0              -1          0.0073;
   371    6.570               0              -1          0.0073;
   372    6.588               0              -1          0.0073;
   373    6.605               0              -1          0.0073;
   374    6.623               0              -1          0.0073;
   375    6.641               0              -1          0.0073;
   376    6.658               0              -1          0.0079;
   377    6.676               0              -1          0.0079;
   378    6.694               0              -1          0.0079;
   379    6.711               0              -1          0.0079;
   380    6.729               0              -1          0.0079;
   381    6.747               0              -1          0.0085;
   382    6.765               0              -1          0.0085;
   383    6.782               0              -1          0.0085;
   384    6.800               0              -1          0.0085;
   385    6.818               0              -1          0.0085;
   386    6.835               0              -1          0.0092;
   387    6.853               0              -1          0.0092;
   388    6.871               0              -1          0.0092;
   389    6.889               0              -1          0.0092;
   390    6.906               0              -1          0.0092;
   391    6.924               0              -1          0.0092;
   392    6.942               0              -1          0.0098;
   393    6.959               0              -1          0.0098;
   394    6.977               0              -1          0.0092;
   395    6.995               0              -1          0.0092;
   396    7.013               0              -1          0.0098;
   397    7.030               0              -0          0.0085;
   398    7.048               0              -0          0.0085;
   399    7.066               0              -0          0.0085;
   400    7.083               0              -0          0.0092;
   401    7.101               0              -0          0.0092;
   402    7.119               0              -0          0.0092;
   403    7.136               0              -0          0.0092;
   404    7.154               0              -0          0.0092;
   405    7.172               0              -0          0.0092;
   406    7.190               0              -0          0.0092;
   407    7.207               0              -0          0.0092;
   408    7.225               0              -0          0.0092;
   409    7.243               0              -0          0.0092;
   410    7.260               0              -0          0.0092;
   411    7.278               0              -0          0.0092;
   412    7.296               0              -0          0.0092;
   413    7.314               0              -0          0.0092;
   414    7.331               0              -0          0.0092;
   415    7.349               0              -0          0.0092;
   416    7.367               0              -0          0.0092;
   417    7.384               0              -0          0.0092;
   418    7.402               0              -0          0.0092;
   419    7.420               0              -0          0.0092;
   420    7.438               0              -0          0.0092;
   421    7.455               0              -0          0.0092;
   422    7.473               0              -0          0.0092;
   423    7.491               0              -0          0.0092;
   424    7.508               0              -0          0.0092;
   425    7.526               0              -0          0.0092;
   426    7.544               0              -0          0.0092;
   427    7.561               0              -0          0.0092;
   428    7.579               0              -0          0.0092;
   429    7.597               0              -0          0.0092;
   430    7.615               0              -0          0.0092;
   431    7.632               0              -0          0.0092;
   432    7.650               0              -0          0.0098;
   433    7.668               0              -0          0.0098;
   434    7.685               0              -0          0.0098;
   435    7.703               0              -0          0.0098;
   436    7.721               0              -0          0.0098;
   437    7.739               0              -0          0.0098;
   438    7.756               0              -0          0.0098;
   439    7.774               0              -0          0.0098;
   440    7.792               0              -0          0.0098;
   441    7.809               0              -0          0.0098;
   442    7.827               0              -0          0.0098;
   443    7.845               0              -0          0.0098;
   444    7.863               0              -0          0.0098;
   445    7.880               0              -0          0.0098;
   446    7.898               0              -0          0.0098;
   447    7.916               0              -0          0.0098;
   448    7.933               0              -0          0.0098;
   449    7.951               0              -0          0.0098;
   450    7.969               0              -0          0.0098;
   451    7.986               0              -0          0.0098;
   452    8.004               0              -0          0.0098;
   453    8.022               0              -0          0.0098;
   454    8.040               0              -0          0.0098;
   455    8.057               0              -0          0.0098;
   456    8.075               0              -0          0.0098;
   457    8.093               0              -0          0.0098;
   458    8.110               0              -0          0.0098;
   459    8.128               0              -0          0.0098;
   460    8.146               0              -0          0.0098;
   461    8.164               0              -0          0.0098;
   462    8.181               0              -0          0.0098;
   463    8.199               0              -0          0.0098;
   464    8.217               0              -0          0.0104;
   465    8.234               0              -0          0.0104;
   466    8.252               0              -0          0.0104;
   467    8.270               0              -0          0.0104;
   468    8.288               0              -0          0.0104;
   469    8.305               0              -0          0.0104;
   470    8.323               0              -0          0.0104;
   471    8.341               0              -0          0.0104;
   472    8.358               0              -0          0.0104;
   473    8.376               0              -0          0.0104;
   474    8.394               0              -0          0.0104;
   475    8.411               0              -0          0.0104;
   476    8.429               0              -0          0.0104;
   477    8.447               0              -0          0.0104;
   478    8.465               0              -0          0.0104;
   479    8.482               0              -0          0.0104;
   480    8.500               0              -0          0.0104;
   481    8.518               0              -0          0.0104;
   482    8.535               0              -0          0.0104;
   483    8.553               0              -0          0.0104;
   484    8.571               0              -0          0.0104;
   485    8.589               0              -0          0.0104;
   486    8.606               0              -0          0.0104;
   487    8.624               0              -0          0.0104;
   488    8.642               0              -0          0.0104;
   489    8.659               0              -0          0.0104;
   490    8.677               0              -0          0.0104;
   491    8.695               0              -0          0.0104;
   492    8.713               0              -0          0.0104;
   493    8.730               0              -0          0.0104;
   494    8.748               0              -0          0.0104;
   495    8.766               0              -0          0.0104;
   496    8.783               0              -0          0.0110;
   497    8.801               0              -0          0.0110;
   498    8.819               0              -0          0.0110;
   499    8.836               0              -0          0.0110;
   500    8.854               0              -0          0.0110;
   501    8.872               0              -0          0.0110;
   502    8.890               0              -0          0.0110;
   503    8.907               0              -0          0.0110;
   504    8.925               0              -0          0.0110;
   505    8.943               0              -0          0.0110;
   506    8.960               0              -0          0.0110;
   507    8.978               0              -0          0.0110;
   508    8.996               0              -0          0.0110;
   509    9.014               0              -0          0.0110;
   510    9.031               0              -0          0.0110;
   511    9.049               0              -0          0.0110;
   512    9.067               0              -0          0.0110;
   513    9.084               0              -0          0.0110;
   514    9.102               0              -0          0.0110;
   515    9.120               0              -0          0.0110;
   516    9.138               0              -0          0.0110;
   517    9.155               0              -0          0.0110;
   518    9.173               0              -0          0.0110;
   519    9.191               0              -0          0.0110]
