 Sample   Time     Commanded Pos   Encoder 1 Pos   Control Effort

[    0    0.000               0              -6          0.0067;
     1    0.018              31              -1          0.1813;
     2    0.035              66              23          0.0824;
     3    0.053             102              56          0.0537;
     4    0.071             137              91          0.0391;
     5    0.089             173             130          0.0507;
     6    0.106             208             166          0.0348;
     7    0.124             243             200          0.0525;
     8    0.142             279             234          0.0525;
     9    0.159             314             268          0.0513;
    10    0.177             350             304          0.0611;
    11    0.195             385             341          0.0433;
    12    0.213             420             378          0.0391;
    13    0.230             456             415          0.0476;
    14    0.248             491             450          0.0586;
    15    0.266             527             486          0.0275;
    16    0.283             562             523          0.0348;
    17    0.301             598             557          0.0611;
    18    0.319             633             591          0.0647;
    19    0.336             668             627          0.0525;
    20    0.354             704             663          0.0391;
    21    0.372             739             697          0.0470;
    22    0.390             775             735          0.0336;
    23    0.407             810             771          0.0476;
    24    0.425             845             804          0.0629;
    25    0.443             881             836          0.0598;
    26    0.460             916             871          0.0452;
    27    0.478             952             907          0.0409;
    28    0.496             987             945          0.0568;
    29    0.514            1023             982          0.0269;
    30    0.531            1058            1017          0.0415;
    31    0.549            1093            1051          0.0543;
    32    0.567            1129            1085          0.0604;
    33    0.584            1164            1121          0.0623;
    34    0.602            1200            1156          0.0574;
    35    0.620            1235            1191          0.0427;
    36    0.638            1270            1227          0.0397;
    37    0.655            1306            1263          0.0611;
    38    0.673            1341            1297          0.0690;
    39    0.691            1377            1332          0.0617;
    40    0.708            1412            1367          0.0440;
    41    0.726            1448            1402          0.0470;
    42    0.744            1483            1437          0.0488;
    43    0.761            1518            1474          0.0574;
    44    0.779            1554            1509          0.0470;
    45    0.797            1589            1544          0.0495;
    46    0.815            1625            1579          0.0464;
    47    0.832            1660            1613          0.0623;
    48    0.850            1695            1648          0.0733;
    49    0.868            1731            1683          0.0665;
    50    0.885            1766            1721          0.0336;
    51    0.903            1802            1756          0.0537;
    52    0.921            1837            1790          0.0672;
    53    0.939            1873            1827          0.0611;
    54    0.956            1908            1863          0.0385;
    55    0.974            1943            1898          0.0495;
    56    0.992            1979            1932          0.0495;
    57    1.009            2000            1968         -0.0916;
    58    1.027            2000            1990         -0.0824;
    59    1.045            2000            2000         -0.0519;
    60    1.063            2000            2003         -0.0073;
    61    1.080            2000            2002         -0.0043;
    62    1.098            2000            2001          0.0153;
    63    1.116            1978            1998         -0.1923;
    64    1.133            1943            1977         -0.0958;
    65    1.151            1907            1944         -0.0592;
    66    1.169            1872            1907         -0.0171;
    67    1.186            1836            1865         -0.0159;
    68    1.204            1801            1822          0.0214;
    69    1.222            1766            1782          0.0031;
    70    1.240            1730            1743          0.0079;
    71    1.257            1695            1703          0.0000;
    72    1.275            1659            1667          0.0006;
    73    1.293            1624            1632         -0.0031;
    74    1.310            1588            1594         -0.0128;
    75    1.328            1553            1557          0.0171;
    76    1.346            1518            1521          0.0061;
    77    1.364            1482            1484         -0.0061;
    78    1.381            1447            1448         -0.0061;
    79    1.399            1411            1414         -0.0037;
    80    1.417            1376            1381         -0.0079;
    81    1.434            1341            1348         -0.0104;
    82    1.452            1305            1315         -0.0183;
    83    1.470            1270            1282         -0.0165;
    84    1.488            1234            1248         -0.0116;
    85    1.505            1199            1212         -0.0287;
    86    1.523            1163            1178         -0.0372;
    87    1.541            1128            1145         -0.0397;
    88    1.558            1093            1112         -0.0324;
    89    1.576            1057            1078         -0.0293;
    90    1.594            1022            1045         -0.0263;
    91    1.611             986            1010         -0.0226;
    92    1.629             951             973         -0.0189;
    93    1.647             916             938         -0.0440;
    94    1.665             880             905         -0.0476;
    95    1.682             845             872         -0.0458;
    96    1.700             809             839         -0.0470;
    97    1.718             774             804         -0.0342;
    98    1.735             738             769         -0.0238;
    99    1.753             703             730         -0.0305;
   100    1.771             668             694         -0.0226;
   101    1.789             632             660         -0.0348;
   102    1.806             597             626         -0.0305;
   103    1.824             561             592         -0.0427;
   104    1.842             526             559         -0.0403;
   105    1.859             491             523         -0.0476;
   106    1.877             455             487         -0.0324;
   107    1.895             420             452         -0.0397;
   108    1.913             384             418         -0.0354;
   109    1.930             349             383         -0.0342;
   110    1.948             313             349         -0.0556;
   111    1.966             278             314         -0.0580;
   112    1.983             243             279         -0.0440;
   113    2.001             207             244         -0.0360;
   114    2.019             172             210         -0.0379;
   115    2.036             136             171         -0.0324;
   116    2.054             101             134         -0.0238;
   117    2.072              66              98         -0.0275;
   118    2.090              30              63         -0.0421;
   119    2.107              -5              29         -0.0531;
   120    2.125             -41              -3         -0.0690;
   121    2.143             -76             -35         -0.0769;
   122    2.160            -112             -69         -0.0672;
   123    2.178            -147            -104         -0.0519;
   124    2.196            -182            -141         -0.0317;
   125    2.214            -218            -176         -0.0458;
   126    2.231            -253            -208         -0.0641;
   127    2.249            -289            -243         -0.0617;
   128    2.267            -324            -279         -0.0653;
   129    2.284            -360            -314         -0.0513;
   130    2.302            -395            -349         -0.0482;
   131    2.320            -430            -384         -0.0470;
   132    2.338            -466            -421         -0.0623;
   133    2.355            -501            -454         -0.0757;
   134    2.373            -537            -488         -0.0690;
   135    2.391            -572            -522         -0.0623;
   136    2.408            -607            -556         -0.0556;
   137    2.426            -643            -592         -0.0495;
   138    2.444            -678            -627         -0.0684;
   139    2.461            -714            -663         -0.0751;
   140    2.479            -749            -699         -0.0354;
   141    2.497            -785            -735         -0.0513;
   142    2.515            -820            -770         -0.0672;
   143    2.532            -855            -805         -0.0720;
   144    2.550            -891            -840         -0.0702;
   145    2.568            -926            -875         -0.0513;
   146    2.585            -962            -913         -0.0360;
   147    2.603            -997            -953         -0.0446;
   148    2.621           -1032            -990         -0.0336;
   149    2.639           -1068           -1023         -0.0586;
   150    2.656           -1103           -1056         -0.0592;
   151    2.674           -1139           -1091         -0.0684;
   152    2.692           -1174           -1122         -0.0916;
   153    2.709           -1210           -1152         -0.0836;
   154    2.727           -1245           -1186         -0.0726;
   155    2.745           -1280           -1222         -0.0794;
   156    2.763           -1316           -1260         -0.0476;
   157    2.780           -1351           -1297         -0.0446;
   158    2.798           -1387           -1333         -0.0733;
   159    2.816           -1422           -1369         -0.0641;
   160    2.833           -1457           -1408         -0.0330;
   161    2.851           -1493           -1446         -0.0672;
   162    2.869           -1528           -1479         -0.0745;
   163    2.886           -1564           -1512         -0.0726;
   164    2.904           -1599           -1545         -0.0739;
   165    2.922           -1635           -1579         -0.0684;
   166    2.940           -1670           -1614         -0.0574;
   167    2.957           -1705           -1650         -0.0513;
   168    2.975           -1741           -1687         -0.0757;
   169    2.993           -1776           -1722         -0.0623;
   170    3.010           -1812           -1758         -0.0495;
   171    3.028           -1847           -1798         -0.0537;
   172    3.046           -1882           -1834         -0.0543;
   173    3.064           -1918           -1868         -0.0537;
   174    3.081           -1953           -1903         -0.0537;
   175    3.099           -1989           -1938         -0.0580;
   176    3.117           -2000           -1971          0.1148;
   177    3.134           -2000           -1983          0.0220;
   178    3.152           -2000           -1986         -0.0079;
   179    3.170           -2000           -1985         -0.0488;
   180    3.188           -2000           -1983         -0.0263;
   181    3.205           -2000           -1981         -0.0305;
   182    3.223           -1967           -1973          0.1172;
   183    3.241           -1932           -1944          0.0305;
   184    3.258           -1897           -1911          0.0128;
   185    3.276           -1861           -1874          0.0049;
   186    3.294           -1826           -1837          0.0195;
   187    3.311           -1790           -1799         -0.0079;
   188    3.329           -1755           -1764          0.0183;
   189    3.347           -1719           -1732          0.0305;
   190    3.365           -1684           -1699          0.0269;
   191    3.382           -1649           -1663          0.0305;
   192    3.400           -1613           -1628          0.0195;
   193    3.418           -1578           -1593          0.0098;
   194    3.435           -1542           -1559          0.0128;
   195    3.453           -1507           -1522          0.0098;
   196    3.471           -1472           -1485          0.0177;
   197    3.489           -1436           -1447          0.0000;
   198    3.506           -1401           -1409         -0.0049;
   199    3.524           -1365           -1375          0.0330;
   200    3.542           -1330           -1344          0.0440;
   201    3.559           -1294           -1311          0.0409;
   202    3.577           -1259           -1276          0.0263;
   203    3.595           -1224           -1242          0.0159;
   204    3.613           -1188           -1208          0.0189;
   205    3.630           -1153           -1173          0.0183;
   206    3.648           -1117           -1138          0.0354;
   207    3.666           -1082           -1101          0.0256;
   208    3.683           -1047           -1062         -0.0043;
   209    3.701           -1011           -1027          0.0232;
   210    3.719            -976            -991          0.0263;
   211    3.736            -940            -954         -0.0061;
   212    3.754            -905            -921          0.0244;
   213    3.772            -869            -891          0.0415;
   214    3.790            -834            -860          0.0525;
   215    3.807            -799            -827          0.0330;
   216    3.825            -763            -791          0.0256;
   217    3.843            -728            -756          0.0226;
   218    3.860            -692            -720          0.0409;
   219    3.878            -657            -683          0.0287;
   220    3.896            -622            -649          0.0281;
   221    3.914            -586            -614          0.0238;
   222    3.931            -551            -578          0.0403;
   223    3.949            -515            -544          0.0482;
   224    3.967            -480            -509          0.0446;
   225    3.984            -444            -473          0.0244;
   226    4.002            -409            -437          0.0232;
   227    4.020            -374            -401          0.0403;
   228    4.038            -338            -366          0.0470;
   229    4.055            -303            -331          0.0275;
   230    4.073            -267            -297          0.0317;
   231    4.091            -232            -262          0.0287;
   232    4.108            -197            -226          0.0403;
   233    4.126            -161            -192          0.0525;
   234    4.144            -126            -156          0.0360;
   235    4.161             -90            -119          0.0201;
   236    4.179             -55             -85          0.0360;
   237    4.197             -19             -52          0.0556;
   238    4.215               0             -19         -0.1325;
   239    4.232               0               1         -0.0806;
   240    4.250               0               7         -0.0342;
   241    4.268               0               8         -0.0140;
   242    4.285               0               4          0.0104;
   243    4.303               0               1          0.0159;
   244    4.321               0              -3          0.0269;
   245    4.339               0              -5          0.0165;
   246    4.356               0              -7          0.0171;
   247    4.374               0              -8          0.0085;
   248    4.392               0              -8          0.0085;
   249    4.409               0              -8          0.0098;
   250    4.427               0              -9          0.0214;
   251    4.445               0             -10          0.0147;
   252    4.463               0             -10          0.0110;
   253    4.480               0             -10          0.0110;
   254    4.498               0             -10          0.0110;
   255    4.516               0             -10          0.0110;
   256    4.533               0             -10          0.0110;
   257    4.551               0             -10          0.0122;
   258    4.569               0             -10          0.0128;
   259    4.586               0             -10          0.0128;
   260    4.604               0             -11          0.0116;
   261    4.622               0             -11          0.0134;
   262    4.640               0             -11          0.0140;
   263    4.657               0             -11          0.0140;
   264    4.675               0             -12          0.0140;
   265    4.693               0             -12          0.0128;
   266    4.710               0             -12          0.0128;
   267    4.728               0             -12          0.0128;
   268    4.746               0             -12          0.0128;
   269    4.764               0             -12          0.0128;
   270    4.781               0             -12          0.0128;
   271    4.799               0             -12          0.0147;
   272    4.817               0             -12          0.0134;
   273    4.834               0             -12          0.0147;
   274    4.852               0             -12          0.0134;
   275    4.870               0             -12          0.0147;
   276    4.888               0             -12          0.0134;
   277    4.905               0             -12          0.0153;
   278    4.923               0             -12          0.0140;
   279    4.941               0             -12          0.0153;
   280    4.958               0             -12          0.0140;
   281    4.976               0             -12          0.0153;
   282    4.994               0             -13          0.0140;
   283    5.011               0             -13          0.0140;
   284    5.029               0             -13          0.0140;
   285    5.047               0             -13          0.0140;
   286    5.065               0             -13          0.0140;
   287    5.082               0             -13          0.0140;
   288    5.100               0             -13          0.0140;
   289    5.118               0             -13          0.0140;
   290    5.135               0             -13          0.0140;
   291    5.153               0             -13          0.0140;
   292    5.171               0             -13          0.0140;
   293    5.189               0             -13          0.0140;
   294    5.206               0             -13          0.0140;
   295    5.224               0             -13          0.0140;
   296    5.242               0             -13          0.0140;
   297    5.259               0             -13          0.0140;
   298    5.277               0             -13          0.0140;
   299    5.295               0             -13          0.0140;
   300    5.313               0             -13          0.0140;
   301    5.330               0             -13          0.0140;
   302    5.348               0             -13          0.0140;
   303    5.366               0             -13          0.0140;
   304    5.383               0             -13          0.0140;
   305    5.401               0             -13          0.0140;
   306    5.419               0             -13          0.0140;
   307    5.436               0             -13          0.0140;
   308    5.454               0             -13          0.0140;
   309    5.472               0             -13          0.0140;
   310    5.490               0             -13          0.0140;
   311    5.507               0             -13          0.0140;
   312    5.525               0             -13          0.0140;
   313    5.543               0             -13          0.0140;
   314    5.560               0             -13          0.0140;
   315    5.578               0             -13          0.0140;
   316    5.596               0             -13          0.0140;
   317    5.614               0             -13          0.0140;
   318    5.631               0             -13          0.0140;
   319    5.649               0             -13          0.0140;
   320    5.667               0             -13          0.0140;
   321    5.684               0             -13          0.0140;
   322    5.702               0             -13          0.0140;
   323    5.720               0             -13          0.0140;
   324    5.738               0             -13          0.0140;
   325    5.755               0             -13          0.0140;
   326    5.773               0             -13          0.0140;
   327    5.791               0             -13          0.0140;
   328    5.808               0             -13          0.0140;
   329    5.826               0             -13          0.0140;
   330    5.844               0             -13          0.0140;
   331    5.861               0             -13          0.0140;
   332    5.879               0             -13          0.0140;
   333    5.897               0             -13          0.0140;
   334    5.915               0             -13          0.0140;
   335    5.932               0             -13          0.0140;
   336    5.950               0             -13          0.0140;
   337    5.968               0             -13          0.0140;
   338    5.985               0             -13          0.0140;
   339    6.003               0             -13          0.0140;
   340    6.021               0             -13          0.0140;
   341    6.039               0             -13          0.0140;
   342    6.056               0             -13          0.0140;
   343    6.074               0             -13          0.0140;
   344    6.092               0             -13          0.0140;
   345    6.109               0             -13          0.0140;
   346    6.127               0             -13          0.0140;
   347    6.145               0             -13          0.0140;
   348    6.163               0             -13          0.0140;
   349    6.180               0             -13          0.0140;
   350    6.198               0             -13          0.0140;
   351    6.216               0             -13          0.0140;
   352    6.233               0             -13          0.0140;
   353    6.251               0             -13          0.0140;
   354    6.269               0             -13          0.0140;
   355    6.286               0             -13          0.0140;
   356    6.304               0             -13          0.0140;
   357    6.322               0             -13          0.0140;
   358    6.340               0             -13          0.0140;
   359    6.357               0             -13          0.0140;
   360    6.375               0             -13          0.0140;
   361    6.393               0             -13          0.0140;
   362    6.410               0             -13          0.0140;
   363    6.428               0             -13          0.0140;
   364    6.446               0             -13          0.0140;
   365    6.464               0             -13          0.0140;
   366    6.481               0             -13          0.0140;
   367    6.499               0             -13          0.0140;
   368    6.517               0             -13          0.0140;
   369    6.534               0             -13          0.0140;
   370    6.552               0             -13          0.0140;
   371    6.570               0             -13          0.0140;
   372    6.588               0             -13          0.0140;
   373    6.605               0             -13          0.0140;
   374    6.623               0             -13          0.0140;
   375    6.641               0             -13          0.0140;
   376    6.658               0             -13          0.0140;
   377    6.676               0             -13          0.0140;
   378    6.694               0             -13          0.0140;
   379    6.711               0             -13          0.0140;
   380    6.729               0             -13          0.0140;
   381    6.747               0             -13          0.0140;
   382    6.765               0             -13          0.0140;
   383    6.782               0             -13          0.0140;
   384    6.800               0             -13          0.0140;
   385    6.818               0             -13          0.0140;
   386    6.835               0             -13          0.0140;
   387    6.853               0             -13          0.0140;
   388    6.871               0             -13          0.0140;
   389    6.889               0             -13          0.0140;
   390    6.906               0             -13          0.0140;
   391    6.924               0             -13          0.0140;
   392    6.942               0             -13          0.0140;
   393    6.959               0             -13          0.0140;
   394    6.977               0             -13          0.0140;
   395    6.995               0             -13          0.0140;
   396    7.013               0             -13          0.0140;
   397    7.030               0             -13          0.0140;
   398    7.048               0             -13          0.0140;
   399    7.066               0             -13          0.0140;
   400    7.083               0             -13          0.0140;
   401    7.101               0             -13          0.0140;
   402    7.119               0             -13          0.0140;
   403    7.136               0             -13          0.0140;
   404    7.154               0             -13          0.0140;
   405    7.172               0             -13          0.0140;
   406    7.190               0             -13          0.0140;
   407    7.207               0             -13          0.0140;
   408    7.225               0             -13          0.0140;
   409    7.243               0             -13          0.0140;
   410    7.260               0             -13          0.0140;
   411    7.278               0             -13          0.0140;
   412    7.296               0             -13          0.0140;
   413    7.314               0             -13          0.0140;
   414    7.331               0             -13          0.0140;
   415    7.349               0             -13          0.0140;
   416    7.367               0             -13          0.0140;
   417    7.384               0             -13          0.0140;
   418    7.402               0             -13          0.0140;
   419    7.420               0             -13          0.0140;
   420    7.438               0             -13          0.0140;
   421    7.455               0             -13          0.0140;
   422    7.473               0             -13          0.0140;
   423    7.491               0             -13          0.0140;
   424    7.508               0             -13          0.0140;
   425    7.526               0             -13          0.0140;
   426    7.544               0             -13          0.0140;
   427    7.561               0             -13          0.0140;
   428    7.579               0             -13          0.0140;
   429    7.597               0             -13          0.0140;
   430    7.615               0             -13          0.0140;
   431    7.632               0             -13          0.0140;
   432    7.650               0             -13          0.0140;
   433    7.668               0             -13          0.0140;
   434    7.685               0             -13          0.0140;
   435    7.703               0             -13          0.0140;
   436    7.721               0             -13          0.0140;
   437    7.739               0             -13          0.0140;
   438    7.756               0             -13          0.0140;
   439    7.774               0             -13          0.0140;
   440    7.792               0             -13          0.0140;
   441    7.809               0             -13          0.0140;
   442    7.827               0             -13          0.0140;
   443    7.845               0             -13          0.0140;
   444    7.863               0             -13          0.0140;
   445    7.880               0             -13          0.0140;
   446    7.898               0             -13          0.0140;
   447    7.916               0             -13          0.0140;
   448    7.933               0             -13          0.0140;
   449    7.951               0             -13          0.0140;
   450    7.969               0             -13          0.0140;
   451    7.986               0             -13          0.0140;
   452    8.004               0             -13          0.0140;
   453    8.022               0             -13          0.0140;
   454    8.040               0             -13          0.0140;
   455    8.057               0             -13          0.0140;
   456    8.075               0             -13          0.0140;
   457    8.093               0             -13          0.0140;
   458    8.110               0             -13          0.0140;
   459    8.128               0             -13          0.0140;
   460    8.146               0             -13          0.0140;
   461    8.164               0             -13          0.0140;
   462    8.181               0             -13          0.0140;
   463    8.199               0             -13          0.0140;
   464    8.217               0             -13          0.0140;
   465    8.234               0             -13          0.0140;
   466    8.252               0             -13          0.0140;
   467    8.270               0             -13          0.0140;
   468    8.288               0             -13          0.0140;
   469    8.305               0             -13          0.0140;
   470    8.323               0             -13          0.0140;
   471    8.341               0             -13          0.0140;
   472    8.358               0             -13          0.0140;
   473    8.376               0             -13          0.0140;
   474    8.394               0             -13          0.0140;
   475    8.411               0             -13          0.0140;
   476    8.429               0             -13          0.0140;
   477    8.447               0             -13          0.0140;
   478    8.465               0             -13          0.0140;
   479    8.482               0             -13          0.0140;
   480    8.500               0             -13          0.0140;
   481    8.518               0             -13          0.0140;
   482    8.535               0             -13          0.0140;
   483    8.553               0             -13          0.0140;
   484    8.571               0             -13          0.0140;
   485    8.589               0             -13          0.0140;
   486    8.606               0             -13          0.0140;
   487    8.624               0             -13          0.0140;
   488    8.642               0             -13          0.0140;
   489    8.659               0             -13          0.0140;
   490    8.677               0             -13          0.0140;
   491    8.695               0             -13          0.0140;
   492    8.713               0             -13          0.0140;
   493    8.730               0             -13          0.0140;
   494    8.748               0             -13          0.0140;
   495    8.766               0             -13          0.0140;
   496    8.783               0             -13          0.0140;
   497    8.801               0             -13          0.0140;
   498    8.819               0             -13          0.0140;
   499    8.836               0             -13          0.0140;
   500    8.854               0             -13          0.0140;
   501    8.872               0             -13          0.0140;
   502    8.890               0             -13          0.0140;
   503    8.907               0             -13          0.0140;
   504    8.925               0             -13          0.0140;
   505    8.943               0             -13          0.0140;
   506    8.960               0             -13          0.0140;
   507    8.978               0             -13          0.0140;
   508    8.996               0             -13          0.0140;
   509    9.014               0             -13          0.0140;
   510    9.031               0             -13          0.0140;
   511    9.049               0             -13          0.0140;
   512    9.067               0             -13          0.0140;
   513    9.084               0             -13          0.0140;
   514    9.102               0             -13          0.0140;
   515    9.120               0             -13          0.0140;
   516    9.138               0             -13          0.0140;
   517    9.155               0             -13          0.0140;
   518    9.173               0             -13          0.0140;
   519    9.191               0             -13          0.0140]
