 Sample   Time     Commanded Pos   Encoder 1 Pos 

[    0    0.000            3000               0;
     1    0.044            3000             210;
     2    0.089            3000             608;
     3    0.133            3000             932;
     4    0.177            3000            1133;
     5    0.221            3000            1249;
     6    0.266            3000            1317;
     7    0.310            3000            1330;
     8    0.354            3000            1328;
     9    0.398            3000            1329;
    10    0.443            3000            1326;
    11    0.487            3000            1326;
    12    0.531            3000            1326;
    13    0.576            3000            1326;
    14    0.620            3000            1327;
    15    0.664            3000            1327;
    16    0.708            3000            1327;
    17    0.753            3000            1327;
    18    0.797            3000            1327;
    19    0.841            3000            1327;
    20    0.885            3000            1327;
    21    0.930            3000            1327;
    22    0.974            3000            1327;
    23    1.018            3000            1327;
    24    1.063            3000            1327;
    25    1.107            3000            1327;
    26    1.151            3000            1327;
    27    1.195            3000            1327;
    28    1.240            3000            1327;
    29    1.284            3000            1327;
    30    1.328            3000            1327;
    31    1.372            3000            1327;
    32    1.417            3000            1327;
    33    1.461            3000            1327;
    34    1.505               0            1327;
    35    1.549               0            1070;
    36    1.594               0             685;
    37    1.638               0             392;
    38    1.682               0             215;
    39    1.727               0             127;
    40    1.771               0              94;
    41    1.815               0              77;
    42    1.859               0              68;
    43    1.904               0              59;
    44    1.948               0              55;
    45    1.992               0              46;
    46    2.036               0              42;
    47    2.081               0              39;
    48    2.125               0              35;
    49    2.169               0              33;
    50    2.214               0              33;
    51    2.258               0              33;
    52    2.302               0              32;
    53    2.346               0              32;
    54    2.391               0              31;
    55    2.435               0              31;
    56    2.479               0              31;
    57    2.523               0              31;
    58    2.568               0              31;
    59    2.612               0              31;
    60    2.656               0              30;
    61    2.701               0              30;
    62    2.745               0              30;
    63    2.789               0              30;
    64    2.833               0              30;
    65    2.878               0              30;
    66    2.922               0              30;
    67    2.966               0              30;
    68    3.010           -3000              27;
    69    3.055           -3000            -236;
    70    3.099           -3000            -593;
    71    3.143           -3000            -855;
    72    3.188           -3000           -1002;
    73    3.232           -3000           -1088;
    74    3.276           -3000           -1113;
    75    3.320           -3000           -1118;
    76    3.365           -3000           -1118;
    77    3.409           -3000           -1121;
    78    3.453           -3000           -1121;
    79    3.497           -3000           -1121;
    80    3.542           -3000           -1120;
    81    3.586           -3000           -1121;
    82    3.630           -3000           -1121;
    83    3.674           -3000           -1122;
    84    3.719           -3000           -1123;
    85    3.763           -3000           -1123;
    86    3.807           -3000           -1123;
    87    3.852           -3000           -1123;
    88    3.896           -3000           -1123;
    89    3.940           -3000           -1123;
    90    3.984           -3000           -1123;
    91    4.029           -3000           -1123;
    92    4.073           -3000           -1123;
    93    4.117           -3000           -1124;
    94    4.161           -3000           -1124;
    95    4.206           -3000           -1124;
    96    4.250           -3000           -1124;
    97    4.294           -3000           -1124;
    98    4.339           -3000           -1124;
    99    4.383           -3000           -1124;
   100    4.427           -3000           -1124;
   101    4.471           -3000           -1124;
   102    4.516               0           -1108;
   103    4.560               0            -807;
   104    4.604               0            -432;
   105    4.648               0            -160;
   106    4.693               0             -17;
   107    4.737               0              38;
   108    4.781               0              49;
   109    4.826               0              44;
   110    4.870               0              37;
   111    4.914               0              35;
   112    4.958               0              30;
   113    5.003               0              30;
   114    5.047               0              29;
   115    5.091               0              30;
   116    5.135               0              27;
   117    5.180               0              28;
   118    5.224               0              27;
   119    5.268               0              27;
   120    5.313               0              26;
   121    5.357               0              26;
   122    5.401               0              25;
   123    5.445               0              24;
   124    5.490               0              24;
   125    5.534               0              24;
   126    5.578               0              25;
   127    5.622               0              25;
   128    5.667               0              25;
   129    5.711               0              25;
   130    5.755               0              25;
   131    5.799               0              25;
   132    5.844               0              25;
   133    5.888               0              25;
   134    5.932               0              25;
   135    5.977               0              25;
   136    6.021               0              25;
   137    6.065               0              25;
   138    6.109               0              25;
   139    6.154               0              25;
   140    6.198               0              25;
   141    6.242               0              25;
   142    6.286               0              25;
   143    6.331               0              25;
   144    6.375               0              25;
   145    6.419               0              25;
   146    6.464               0              25;
   147    6.508               0              25;
   148    6.552               0              25;
   149    6.596               0              25;
   150    6.641               0              25;
   151    6.685               0              25;
   152    6.729               0              25;
   153    6.773               0              25;
   154    6.818               0              25;
   155    6.862               0              25;
   156    6.906               0              25;
   157    6.951               0              25;
   158    6.995               0              25;
   159    7.039               0              25;
   160    7.083               0              25;
   161    7.128               0              25;
   162    7.172               0              25;
   163    7.216               0              25;
   164    7.260               0              25;
   165    7.305               0              25;
   166    7.349               0              25;
   167    7.393               0              25;
   168    7.438               0              25;
   169    7.482               0              25;
   170    7.526               0              25;
   171    7.570               0              25;
   172    7.615               0              25;
   173    7.659               0              25;
   174    7.703               0              25;
   175    7.747               0              25;
   176    7.792               0              25;
   177    7.836               0              25;
   178    7.880               0              25;
   179    7.924               0              25;
   180    7.969               0              25;
   181    8.013               0              25;
   182    8.057               0              25;
   183    8.102               0              25;
   184    8.146               0              25;
   185    8.190               0              25;
   186    8.234               0              25;
   187    8.279               0              25;
   188    8.323               0              25;
   189    8.367               0              25;
   190    8.411               0              25;
   191    8.456               0              25;
   192    8.500               0              25;
   193    8.544               0              25;
   194    8.589               0              25;
   195    8.633               0              25;
   196    8.677               0              25;
   197    8.721               0              25;
   198    8.766               0              25;
   199    8.810               0              25;
   200    8.854               0              25;
   201    8.898               0              25;
   202    8.943               0              25;
   203    8.987               0              25;
   204    9.031               0              25;
   205    9.076               0              25;
   206    9.120               0              25;
   207    9.164               0              25;
   208    9.208               0              25;
   209    9.253               0              25;
   210    9.297               0              25;
   211    9.341               0              25;
   212    9.385               0              25;
   213    9.430               0              25;
   214    9.474               0              25;
   215    9.518               0              25;
   216    9.563               0              25;
   217    9.607               0              25;
   218    9.651               0              25;
   219    9.695               0              25;
   220    9.740               0              25;
   221    9.784               0              25;
   222    9.828               0              24;
   223    9.872               0              25;
   224    9.917               0              25;
   225    9.961               0              25;
   226   10.005               0              25;
   227   10.049               0              25;
   228   10.094               0              25;
   229   10.138               0              25;
   230   10.182               0              25;
   231   10.227               0              25;
   232   10.271               0              24;
   233   10.315               0              25;
   234   10.359               0              25;
   235   10.404               0              25;
   236   10.448               0              25;
   237   10.492               0              25;
   238   10.536               0              25;
   239   10.581               0              25;
   240   10.625               0              25;
   241   10.669               0              25;
   242   10.714               0              25;
   243   10.758               0              25;
   244   10.802               0              25;
   245   10.846               0              25;
   246   10.891               0              25;
   247   10.935               0              25]
