 Sample   Time     Commanded Pos   Encoder 1 Pos   Control Effort

[    0    0.000            3000               0          0.0000;
     1    0.044            3000            1693          1.1349;
     2    0.089            3000            3819         -2.3178;
     3    0.133            3000            3415          0.5870;
     4    0.177            3000            2753          1.5488;
     5    0.221            3000            2983          0.3547;
     6    0.266            3000            3105          0.4631;
     7    0.310            3000            3036          0.6364;
     8    0.354            3000            3031          0.5867;
     9    0.398            3000            3042          0.5366;
    10    0.443            3000            3043          0.6297;
    11    0.487            3000            3036          0.5620;
    12    0.531            3000            3050          0.5531;
    13    0.576            3000            3031          0.6129;
    14    0.620            3000            3055          0.5324;
    15    0.664            3000            3032          0.6020;
    16    0.708            3000            3049          0.5507;
    17    0.753            3000            3036          0.6041;
    18    0.797            3000            3052          0.5256;
    19    0.841            3000            3035          0.6108;
    20    0.885            3000            3045          0.5562;
    21    0.930            3000            3042          0.5846;
    22    0.974            3000            3043          0.5589;
    23    1.018            3000            3043          0.5855;
    24    1.063            3000            3041          0.5665;
    25    1.107            3000            3045          0.5672;
    26    1.151            3000            3039          0.5833;
    27    1.195            3000            3047          0.5794;
    28    1.240            3000            3039          0.5833;
    29    1.284            3000            3045          0.5672;
    30    1.328            3000            3040          0.5846;
    31    1.372            3000            3046          0.5604;
    32    1.417            3000            3040          0.5849;
    33    1.461            3000            3044          0.5641;
    34    1.505               0            3027         -4.8840;
    35    1.549               0             778          1.0427;
    36    1.594               0            -944          2.8614;
    37    1.638               0            -263         -0.3864;
    38    1.682               0             346         -1.0140;
    39    1.727               0              37          0.3022;
    40    1.771               0             -68          0.1377;
    41    1.815               0               4         -0.1074;
    42    1.859               0              44         -0.1065;
    43    1.904               0               6          0.0470;
    44    1.948               0              16         -0.0989;
    45    1.992               0              24         -0.0269;
    46    2.036               0              19         -0.0412;
    47    2.081               0              34         -0.0601;
    48    2.125               0               2          0.0009;
    49    2.169               0              31         -0.0629;
    50    2.214               0              19         -0.0614;
    51    2.258               0              34         -0.0910;
    52    2.302               0               6          0.0137;
    53    2.346               0              32         -0.0958;
    54    2.391               0              20         -0.0449;
    55    2.435               0              28         -0.0833;
    56    2.479               0              19         -0.0253;
    57    2.523               0              28         -0.0885;
    58    2.568               0              22         -0.0394;
    59    2.612               0              24         -0.0644;
    60    2.656               0              25         -0.0430;
    61    2.701               0              21         -0.0684;
    62    2.745               0              26         -0.0430;
    63    2.789               0              22         -0.0684;
    64    2.833               0              28         -0.0693;
    65    2.878               0              20         -0.0458;
    66    2.922               0              29         -0.0693;
    67    2.966               0              23         -0.0528;
    68    3.010           -3000              16         -4.8840;
    69    3.055           -3000           -1823         -0.8639;
    70    3.099           -3000           -3759          1.9976;
    71    3.143           -3000           -3289         -0.8458;
    72    3.188           -3000           -2745         -1.4670;
    73    3.232           -3000           -2980         -0.4161;
    74    3.276           -3000           -3071         -0.5577;
    75    3.320           -3000           -3015         -0.6804;
    76    3.365           -3000           -3002         -0.6679;
    77    3.409           -3000           -3009         -0.6190;
    78    3.453           -3000           -3015         -0.6645;
    79    3.497           -3000           -3004         -0.6508;
    80    3.542           -3000           -3015         -0.6334;
    81    3.586           -3000           -2999         -0.6844;
    82    3.630           -3000           -3020         -0.6255;
    83    3.674           -3000           -3002         -0.6737;
    84    3.719           -3000           -3015         -0.6319;
    85    3.763           -3000           -3003         -0.6832;
    86    3.807           -3000           -3017         -0.6117;
    87    3.852           -3000           -3004         -0.6816;
    88    3.896           -3000           -3011         -0.6407;
    89    3.940           -3000           -3008         -0.6664;
    90    3.984           -3000           -3009         -0.6404;
    91    4.029           -3000           -3010         -0.6679;
    92    4.073           -3000           -3008         -0.6493;
    93    4.117           -3000           -3011         -0.6447;
    94    4.161           -3000           -3006         -0.6441;
    95    4.206           -3000           -3013         -0.6600;
    96    4.250           -3000           -3007         -0.6618;
    97    4.294           -3000           -3012         -0.6413;
    98    4.339           -3000           -3007         -0.6621;
    99    4.383           -3000           -3013         -0.6371;
   100    4.427           -3000           -3007         -0.6593;
   101    4.471           -3000           -3011         -0.6438;
   102    4.516               0           -2933          4.8840;
   103    4.560               0            -479         -1.6621;
   104    4.604               0             912         -2.3440;
   105    4.648               0              62          0.7985;
   106    4.693               0            -324          0.7653;
   107    4.737               0              38         -0.4469;
   108    4.781               0              85         -0.1422;
   109    4.826               0              10          0.0363;
   110    4.870               0             -22          0.0598;
   111    4.914               0              19         -0.1316;
   112    4.958               0              10          0.0269;
   113    5.003               0              -0         -0.0180;
   114    5.047               0              16         -0.0388;
   115    5.091               0              -5          0.0174;
   116    5.135               0              19         -0.0284;
   117    5.180               0              -3         -0.0003;
   118    5.224               0              17         -0.0491;
   119    5.268               0              -4          0.0317;
   120    5.313               0              20         -0.0726;
   121    5.357               0              -1          0.0195;
   122    5.401               0              12         -0.0467;
   123    5.445               0               6          0.0055;
   124    5.490               0               9         -0.0427;
   125    5.534               0               6          0.0085;
   126    5.578               0               5         -0.0253;
   127    5.622               0              11         -0.0125;
   128    5.667               0               2         -0.0189;
   129    5.711               0              13         -0.0171;
   130    5.755               0               2         -0.0012;
   131    5.799               0              13         -0.0336;
   132    5.844               0               1          0.0073;
   133    5.888               0              13         -0.0424;
   134    5.932               0               4          0.0006;
   135    5.977               0              10         -0.0324;
   136    6.021               0               5         -0.0012;
   137    6.065               0              10         -0.0375;
   138    6.109               0               6         -0.0034;
   139    6.154               0               8         -0.0259;
   140    6.198               0               8         -0.0061;
   141    6.242               0               6         -0.0284;
   142    6.286               0               9         -0.0159;
   143    6.331               0               6         -0.0107;
   144    6.375               0              10         -0.0324;
   145    6.419               0               5         -0.0107;
   146    6.464               0              11         -0.0296;
   147    6.508               0               5         -0.0098;
   148    6.552               0               9         -0.0278;
   149    6.596               0               6         -0.0082;
   150    6.641               0              10         -0.0327;
   151    6.685               0               6         -0.0101;
   152    6.729               0               9         -0.0247;
   153    6.773               0               7         -0.0055;
   154    6.818               0               8         -0.0165;
   155    6.862               0               7         -0.0122;
   156    6.906               0               7         -0.0165;
   157    6.951               0               8         -0.0189;
   158    6.995               0               7         -0.0311;
   159    7.039               0               8         -0.0223;
   160    7.083               0               6         -0.0131;
   161    7.128               0               8         -0.0198;
   162    7.172               0               6         -0.0113;
   163    7.216               0               9         -0.0241;
   164    7.260               0               7         -0.0153;
   165    7.305               0               8         -0.0189;
   166    7.349               0               7         -0.0165;
   167    7.393               0               8         -0.0299;
   168    7.438               0               7         -0.0165;
   169    7.482               0               7         -0.0165;
   170    7.526               0               7         -0.0165;
   171    7.570               0               7         -0.0165;
   172    7.615               0               7         -0.0165;
   173    7.659               0               7         -0.0165;
   174    7.703               0               7         -0.0165;
   175    7.747               0               7         -0.0165;
   176    7.792               0               7         -0.0165;
   177    7.836               0               7         -0.0165;
   178    7.880               0               7         -0.0165;
   179    7.924               0               7         -0.0165;
   180    7.969               0               7         -0.0165;
   181    8.013               0               7         -0.0165;
   182    8.057               0               7         -0.0165;
   183    8.102               0               7         -0.0165;
   184    8.146               0               7         -0.0165;
   185    8.190               0               7         -0.0165;
   186    8.234               0               7         -0.0165;
   187    8.279               0               7         -0.0165;
   188    8.323               0               7         -0.0165;
   189    8.367               0               7         -0.0165;
   190    8.411               0               7         -0.0165;
   191    8.456               0               7         -0.0165;
   192    8.500               0               7         -0.0165;
   193    8.544               0               7         -0.0165;
   194    8.589               0               7         -0.0165;
   195    8.633               0               7         -0.0165;
   196    8.677               0               7         -0.0165;
   197    8.721               0               7         -0.0165;
   198    8.766               0               7         -0.0165;
   199    8.810               0               7         -0.0165;
   200    8.854               0               7         -0.0165;
   201    8.898               0               7         -0.0165;
   202    8.943               0               7         -0.0165;
   203    8.987               0               7         -0.0165;
   204    9.031               0               7         -0.0165;
   205    9.076               0               7         -0.0165;
   206    9.120               0               7         -0.0165;
   207    9.164               0               7         -0.0165;
   208    9.208               0               7         -0.0165;
   209    9.253               0               7         -0.0165;
   210    9.297               0               7         -0.0165;
   211    9.341               0               7         -0.0165;
   212    9.385               0               7         -0.0165;
   213    9.430               0               7         -0.0165;
   214    9.474               0               7         -0.0165;
   215    9.518               0               7         -0.0165;
   216    9.563               0               7         -0.0165;
   217    9.607               0               7         -0.0165;
   218    9.651               0               7         -0.0165;
   219    9.695               0               7         -0.0165;
   220    9.740               0               7         -0.0165;
   221    9.784               0               7         -0.0165;
   222    9.828               0               7         -0.0165;
   223    9.872               0               7         -0.0165;
   224    9.917               0               7         -0.0165;
   225    9.961               0               7         -0.0165;
   226   10.005               0               7         -0.0165;
   227   10.049               0               7         -0.0165;
   228   10.094               0               7         -0.0165;
   229   10.138               0               7         -0.0165;
   230   10.182               0               7         -0.0165;
   231   10.227               0               7         -0.0165;
   232   10.271               0               7         -0.0165;
   233   10.315               0               7         -0.0165;
   234   10.359               0               7         -0.0165;
   235   10.404               0               7         -0.0165;
   236   10.448               0               7         -0.0165;
   237   10.492               0               7         -0.0165;
   238   10.536               0               7         -0.0165;
   239   10.581               0               7         -0.0165;
   240   10.625               0               7         -0.0165;
   241   10.669               0               7         -0.0165;
   242   10.714               0               7         -0.0165;
   243   10.758               0               7         -0.0165;
   244   10.802               0               7         -0.0165;
   245   10.846               0               7         -0.0165;
   246   10.891               0               7         -0.0165;
   247   10.935               0               7         -0.0165]
