 Sample   Time     Commanded Pos   Encoder 1 Pos 

[    0    0.000            3000               6;
     1    0.044            3000             238;
     2    0.089            3000             682;
     3    0.133            3000            1127;
     4    0.177            3000            1509;
     5    0.221            3000            1834;
     6    0.266            3000            2101;
     7    0.310            3000            2321;
     8    0.354            3000            2501;
     9    0.398            3000            2646;
    10    0.443            3000            2759;
    11    0.487            3000            2851;
    12    0.531            3000            2920;
    13    0.576            3000            2968;
    14    0.620            3000            3005;
    15    0.664            3000            3036;
    16    0.708            3000            3068;
    17    0.753            3000            3087;
    18    0.797            3000            3097;
    19    0.841            3000            3098;
    20    0.885            3000            3099;
    21    0.930            3000            3099;
    22    0.974            3000            3100;
    23    1.018            3000            3100;
    24    1.063            3000            3101;
    25    1.107            3000            3101;
    26    1.151            3000            3101;
    27    1.195            3000            3101;
    28    1.240            3000            3101;
    29    1.284            3000            3102;
    30    1.328            3000            3102;
    31    1.372            3000            3102;
    32    1.417            3000            3102;
    33    1.461            3000            3102;
    34    1.505               0            3102;
    35    1.549               0            2838;
    36    1.594               0            2423;
    37    1.638               0            2037;
    38    1.682               0            1717;
    39    1.727               0            1451;
    40    1.771               0            1236;
    41    1.815               0            1058;
    42    1.859               0             913;
    43    1.904               0             785;
    44    1.948               0             692;
    45    1.992               0             601;
    46    2.036               0             526;
    47    2.081               0             467;
    48    2.125               0             442;
    49    2.169               0             427;
    50    2.214               0             411;
    51    2.258               0             395;
    52    2.302               0             378;
    53    2.346               0             364;
    54    2.391               0             351;
    55    2.435               0             343;
    56    2.479               0             336;
    57    2.523               0             335;
    58    2.568               0             333;
    59    2.612               0             333;
    60    2.656               0             332;
    61    2.701               0             331;
    62    2.745               0             330;
    63    2.789               0             330;
    64    2.833               0             329;
    65    2.878               0             329;
    66    2.922               0             329;
    67    2.966               0             328;
    68    3.010           -3000             319;
    69    3.055           -3000              -5;
    70    3.099           -3000            -471;
    71    3.143           -3000            -903;
    72    3.188           -3000           -1253;
    73    3.232           -3000           -1541;
    74    3.276           -3000           -1780;
    75    3.320           -3000           -1979;
    76    3.365           -3000           -2140;
    77    3.409           -3000           -2279;
    78    3.453           -3000           -2389;
    79    3.497           -3000           -2485;
    80    3.542           -3000           -2562;
    81    3.586           -3000           -2625;
    82    3.630           -3000           -2673;
    83    3.674           -3000           -2712;
    84    3.719           -3000           -2753;
    85    3.763           -3000           -2785;
    86    3.807           -3000           -2812;
    87    3.852           -3000           -2823;
    88    3.896           -3000           -2828;
    89    3.940           -3000           -2830;
    90    3.984           -3000           -2833;
    91    4.029           -3000           -2833;
    92    4.073           -3000           -2835;
    93    4.117           -3000           -2836;
    94    4.161           -3000           -2836;
    95    4.206           -3000           -2838;
    96    4.250           -3000           -2838;
    97    4.294           -3000           -2839;
    98    4.339           -3000           -2840;
    99    4.383           -3000           -2840;
   100    4.427           -3000           -2841;
   101    4.471           -3000           -2841;
   102    4.516               0           -2833;
   103    4.560               0           -2534;
   104    4.604               0           -2107;
   105    4.648               0           -1706;
   106    4.693               0           -1367;
   107    4.737               0           -1079;
   108    4.781               0            -845;
   109    4.826               0            -656;
   110    4.870               0            -508;
   111    4.914               0            -393;
   112    4.958               0            -309;
   113    5.003               0            -235;
   114    5.047               0            -182;
   115    5.091               0            -144;
   116    5.135               0            -124;
   117    5.180               0            -123;
   118    5.224               0            -126;
   119    5.268               0            -126;
   120    5.313               0            -126;
   121    5.357               0            -125;
   122    5.401               0            -125;
   123    5.445               0            -125;
   124    5.490               0            -125;
   125    5.534               0            -126;
   126    5.578               0            -125;
   127    5.622               0            -125;
   128    5.667               0            -125;
   129    5.711               0            -126;
   130    5.755               0            -125;
   131    5.799               0            -125;
   132    5.844               0            -125;
   133    5.888               0            -125;
   134    5.932               0            -125;
   135    5.977               0            -125;
   136    6.021               0            -125;
   137    6.065               0            -125;
   138    6.109               0            -125;
   139    6.154               0            -125;
   140    6.198               0            -125;
   141    6.242               0            -125;
   142    6.286               0            -125;
   143    6.331               0            -125;
   144    6.375               0            -125;
   145    6.419               0            -125;
   146    6.464               0            -125;
   147    6.508               0            -125;
   148    6.552               0            -125;
   149    6.596               0            -125;
   150    6.641               0            -125;
   151    6.685               0            -125;
   152    6.729               0            -125;
   153    6.773               0            -125;
   154    6.818               0            -125;
   155    6.862               0            -125;
   156    6.906               0            -125;
   157    6.951               0            -125;
   158    6.995               0            -125;
   159    7.039               0            -125;
   160    7.083               0            -125;
   161    7.128               0            -125;
   162    7.172               0            -125;
   163    7.216               0            -125;
   164    7.260               0            -125;
   165    7.305               0            -125;
   166    7.349               0            -125;
   167    7.393               0            -125;
   168    7.438               0            -125;
   169    7.482               0            -125;
   170    7.526               0            -125;
   171    7.570               0            -125;
   172    7.615               0            -125;
   173    7.659               0            -125;
   174    7.703               0            -125;
   175    7.747               0            -125;
   176    7.792               0            -125;
   177    7.836               0            -125;
   178    7.880               0            -125;
   179    7.924               0            -125;
   180    7.969               0            -125;
   181    8.013               0            -125;
   182    8.057               0            -125;
   183    8.102               0            -125;
   184    8.146               0            -125;
   185    8.190               0            -125;
   186    8.234               0            -125;
   187    8.279               0            -125;
   188    8.323               0            -125;
   189    8.367               0            -125;
   190    8.411               0            -125;
   191    8.456               0            -125;
   192    8.500               0            -125;
   193    8.544               0            -125;
   194    8.589               0            -125;
   195    8.633               0            -125;
   196    8.677               0            -125;
   197    8.721               0            -125;
   198    8.766               0            -125;
   199    8.810               0            -125;
   200    8.854               0            -125;
   201    8.898               0            -125;
   202    8.943               0            -125;
   203    8.987               0            -125;
   204    9.031               0            -125;
   205    9.076               0            -125;
   206    9.120               0            -125;
   207    9.164               0            -125;
   208    9.208               0            -125;
   209    9.253               0            -125;
   210    9.297               0            -125;
   211    9.341               0            -125;
   212    9.385               0            -125;
   213    9.430               0            -125;
   214    9.474               0            -125;
   215    9.518               0            -125;
   216    9.563               0            -125;
   217    9.607               0            -125;
   218    9.651               0            -125;
   219    9.695               0            -125;
   220    9.740               0            -125;
   221    9.784               0            -125;
   222    9.828               0            -125;
   223    9.872               0            -125;
   224    9.917               0            -125;
   225    9.961               0            -125;
   226   10.005               0            -125;
   227   10.049               0            -125;
   228   10.094               0            -125;
   229   10.138               0            -125;
   230   10.182               0            -125;
   231   10.227               0            -125;
   232   10.271               0            -125;
   233   10.315               0            -125;
   234   10.359               0            -125;
   235   10.404               0            -125;
   236   10.448               0            -125;
   237   10.492               0            -125;
   238   10.536               0            -125;
   239   10.581               0            -125;
   240   10.625               0            -125;
   241   10.669               0            -125;
   242   10.714               0            -125;
   243   10.758               0            -125;
   244   10.802               0            -125;
   245   10.846               0            -125;
   246   10.891               0            -125;
   247   10.935               0            -125]
