 Sample   Time     Commanded Pos   Encoder 1 Pos   Control Effort

[    0    0.000            3000               0          4.8840;
     1    0.044            3000            1657          0.6905;
     2    0.089            3000            3484         -0.9966;
     3    0.133            3000            2875          2.0125;
     4    0.177            3000            2460          1.8355;
     5    0.221            3000            2779          0.8602;
     6    0.266            3000            2774          1.3434;
     7    0.310            3000            2718          1.3358;
     8    0.354            3000            2727          1.3126;
     9    0.398            3000            2734          1.2589;
    10    0.443            3000            2737          1.3284;
    11    0.487            3000            2730          1.2872;
    12    0.531            3000            2739          1.3013;
    13    0.576            3000            2723          1.3242;
    14    0.620            3000            2743          1.2998;
    15    0.664            3000            2727          1.2970;
    16    0.708            3000            2739          1.2845;
    17    0.753            3000            2726          1.3306;
    18    0.797            3000            2741          1.2674;
    19    0.841            3000            2729          1.3190;
    20    0.885            3000            2736          1.2817;
    21    0.930            3000            2731          1.3196;
    22    0.974            3000            2735          1.2781;
    23    1.018            3000            2732          1.3141;
    24    1.063            3000            2733          1.2903;
    25    1.107            3000            2734          1.3074;
    26    1.151            3000            2732          1.2897;
    27    1.195            3000            2735          1.3059;
    28    1.240            3000            2732          1.2958;
    29    1.284            3000            2735          1.3107;
    30    1.328            3000            2731          1.3053;
    31    1.372            3000            2735          1.2937;
    32    1.417            3000            2732          1.3031;
    33    1.461            3000            2734          1.2949;
    34    1.505               0            2732         -4.8840;
    35    1.549               0             563          1.9872;
    36    1.594               0            -964          2.3474;
    37    1.638               0             -66         -1.0589;
    38    1.682               0             363         -0.6926;
    39    1.727               0             -69          0.5665;
    40    1.771               0             -82          0.0406;
    41    1.815               0              33         -0.1712;
    42    1.859               0              39         -0.0672;
    43    1.904               0               2          0.0788;
    44    1.948               0               4         -0.0662;
    45    1.992               0              23         -0.0388;
    46    2.036               0              12         -0.0272;
    47    2.081               0              28         -0.0446;
    48    2.125               0              -0         -0.0263;
    49    2.169               0              23         -0.0382;
    50    2.214               0              12         -0.0217;
    51    2.258               0              29         -0.0812;
    52    2.302               0               2          0.0116;
    53    2.346               0              21         -0.0632;
    54    2.391               0              16         -0.0324;
    55    2.435               0              23         -0.0784;
    56    2.479               0              12          0.0015;
    57    2.523               0              16         -0.0595;
    58    2.568               0              18         -0.0330;
    59    2.612               0              18         -0.0482;
    60    2.656               0              19         -0.0195;
    61    2.701               0              11         -0.0430;
    62    2.745               0              20         -0.0470;
    63    2.789               0              16         -0.0366;
    64    2.833               0              22         -0.0357;
    65    2.878               0              12         -0.0272;
    66    2.922               0              20         -0.0479;
    67    2.966               0              17         -0.0388;
    68    3.010           -3000               4         -4.8840;
    69    3.055           -3000           -1799         -0.4658;
    70    3.099           -3000           -3449          0.7610;
    71    3.143           -3000           -2822         -2.0720;
    72    3.188           -3000           -2453         -1.8535;
    73    3.232           -3000           -2760         -0.9536;
    74    3.276           -3000           -2758         -1.3810;
    75    3.320           -3000           -2696         -1.4057;
    76    3.365           -3000           -2700         -1.3858;
    77    3.409           -3000           -2712         -1.3092;
    78    3.453           -3000           -2711         -1.4014;
    79    3.497           -3000           -2705         -1.3452;
    80    3.542           -3000           -2715         -1.3532;
    81    3.586           -3000           -2701         -1.3623;
    82    3.630           -3000           -2718         -1.3578;
    83    3.674           -3000           -2703         -1.3544;
    84    3.719           -3000           -2716         -1.3352;
    85    3.763           -3000           -2702         -1.3813;
    86    3.807           -3000           -2718         -1.3288;
    87    3.852           -3000           -2703         -1.3736;
    88    3.896           -3000           -2713         -1.3376;
    89    3.940           -3000           -2706         -1.3773;
    90    3.984           -3000           -2712         -1.3330;
    91    4.029           -3000           -2708         -1.3718;
    92    4.073           -3000           -2710         -1.3462;
    93    4.117           -3000           -2710         -1.3632;
    94    4.161           -3000           -2709         -1.3419;
    95    4.206           -3000           -2711         -1.3642;
    96    4.250           -3000           -2708         -1.3495;
    97    4.294           -3000           -2711         -1.3681;
    98    4.339           -3000           -2707         -1.3620;
    99    4.383           -3000           -2712         -1.3657;
   100    4.427           -3000           -2708         -1.3596;
   101    4.471           -3000           -2712         -1.3504;
   102    4.516               0           -2598          4.8840;
   103    4.560               0             -37         -2.8098;
   104    4.604               0             834         -1.3437;
   105    4.648               0            -158          1.2561;
   106    4.693               0            -293          0.3159;
   107    4.737               0             129         -0.5250;
   108    4.781               0              60          0.0085;
   109    4.826               0             -27          0.0925;
   110    4.870               0              -8         -0.0165;
   111    4.914               0              37         -0.1392;
   112    4.958               0              -6          0.0620;
   113    5.003               0               4         -0.0571;
   114    5.047               0              20         -0.0052;
   115    5.091               0              -2         -0.0357;
   116    5.135               0              15         -0.0031;
   117    5.180               0               1         -0.0229;
   118    5.224               0              19         -0.0458;
   119    5.268               0              -6          0.0140;
   120    5.313               0              20         -0.0217;
   121    5.357               0              -2          0.0034;
   122    5.401               0              16         -0.0467;
   123    5.445               0               3          0.0168;
   124    5.490               0              15         -0.0513;
   125    5.534               0               6          0.0021;
   126    5.578               0              10         -0.0342;
   127    5.622               0               9         -0.0040;
   128    5.667               0              10         -0.0458;
   129    5.711               0              10         -0.0079;
   130    5.755               0               8         -0.0360;
   131    5.799               0              12         -0.0214;
   132    5.844               0               6         -0.0369;
   133    5.888               0              12         -0.0125;
   134    5.932               0               8         -0.0177;
   135    5.977               0              12         -0.0302;
   136    6.021               0               6         -0.0095;
   137    6.065               0              13         -0.0379;
   138    6.109               0               7         -0.0128;
   139    6.154               0              12         -0.0339;
   140    6.198               0               8         -0.0098;
   141    6.242               0              11         -0.0345;
   142    6.286               0               9         -0.0150;
   143    6.331               0              10         -0.0278;
   144    6.375               0              10         -0.0235;
   145    6.419               0              10         -0.0290;
   146    6.464               0              10         -0.0159;
   147    6.508               0               9         -0.0201;
   148    6.552               0              10         -0.0076;
   149    6.596               0               9         -0.0201;
   150    6.641               0              11         -0.0269;
   151    6.685               0               9         -0.0201;
   152    6.729               0              10         -0.0235;
   153    6.773               0               9         -0.0214;
   154    6.818               0              11         -0.0302;
   155    6.862               0               9         -0.0168;
   156    6.906               0              10         -0.0235;
   157    6.951               0              10         -0.0235;
   158    6.995               0              10         -0.0235;
   159    7.039               0               9         -0.0143;
   160    7.083               0              10         -0.0235;
   161    7.128               0              10         -0.0235;
   162    7.172               0              10         -0.0235;
   163    7.216               0              10         -0.0235;
   164    7.260               0              10         -0.0235;
   165    7.305               0              10         -0.0235;
   166    7.349               0              10         -0.0235;
   167    7.393               0              10         -0.0235;
   168    7.438               0              10         -0.0235;
   169    7.482               0              10         -0.0235;
   170    7.526               0              10         -0.0235;
   171    7.570               0              10         -0.0235;
   172    7.615               0              10         -0.0235;
   173    7.659               0              10         -0.0235;
   174    7.703               0              10         -0.0235;
   175    7.747               0              10         -0.0235;
   176    7.792               0              10         -0.0235;
   177    7.836               0              10         -0.0235;
   178    7.880               0              10         -0.0235;
   179    7.924               0              10         -0.0235;
   180    7.969               0              10         -0.0235;
   181    8.013               0              10         -0.0235;
   182    8.057               0              10         -0.0235;
   183    8.102               0              10         -0.0235;
   184    8.146               0              10         -0.0235;
   185    8.190               0              10         -0.0235;
   186    8.234               0              10         -0.0235;
   187    8.279               0              10         -0.0235;
   188    8.323               0              10         -0.0235;
   189    8.367               0              10         -0.0235;
   190    8.411               0              10         -0.0235;
   191    8.456               0              10         -0.0235;
   192    8.500               0              10         -0.0235;
   193    8.544               0              10         -0.0235;
   194    8.589               0              10         -0.0235;
   195    8.633               0              10         -0.0235;
   196    8.677               0              10         -0.0235;
   197    8.721               0              10         -0.0235;
   198    8.766               0              10         -0.0235;
   199    8.810               0              10         -0.0235;
   200    8.854               0              10         -0.0235;
   201    8.898               0              10         -0.0235;
   202    8.943               0              10         -0.0235;
   203    8.987               0              10         -0.0235;
   204    9.031               0              10         -0.0235;
   205    9.076               0              10         -0.0235;
   206    9.120               0              10         -0.0235;
   207    9.164               0              10         -0.0235;
   208    9.208               0              10         -0.0235;
   209    9.253               0              10         -0.0235;
   210    9.297               0              10         -0.0235;
   211    9.341               0              10         -0.0235;
   212    9.385               0              10         -0.0235;
   213    9.430               0              10         -0.0235;
   214    9.474               0              10         -0.0235;
   215    9.518               0              10         -0.0235;
   216    9.563               0              10         -0.0235;
   217    9.607               0              10         -0.0235;
   218    9.651               0              10         -0.0235;
   219    9.695               0              10         -0.0235;
   220    9.740               0              10         -0.0235;
   221    9.784               0              10         -0.0235;
   222    9.828               0              10         -0.0235;
   223    9.872               0              10         -0.0235;
   224    9.917               0              10         -0.0235;
   225    9.961               0              10         -0.0235;
   226   10.005               0              10         -0.0235;
   227   10.049               0              10         -0.0235;
   228   10.094               0              10         -0.0235;
   229   10.138               0              10         -0.0235;
   230   10.182               0              10         -0.0235;
   231   10.227               0              10         -0.0235;
   232   10.271               0              10         -0.0235;
   233   10.315               0              10         -0.0235;
   234   10.359               0              10         -0.0235;
   235   10.404               0              10         -0.0235;
   236   10.448               0              10         -0.0235;
   237   10.492               0              10         -0.0235;
   238   10.536               0              10         -0.0235;
   239   10.581               0              10         -0.0235;
   240   10.625               0              10         -0.0235;
   241   10.669               0              10         -0.0235;
   242   10.714               0              10         -0.0235;
   243   10.758               0              10         -0.0235;
   244   10.802               0              10         -0.0235;
   245   10.846               0              10         -0.0235;
   246   10.891               0              10         -0.0235;
   247   10.935               0              10         -0.0235]
