 Sample   Time     Commanded Pos   Encoder 1 Pos 

[    0    0.000               0              -1;
     1    0.044               0              -1;
     2    0.089               0              -1;
     3    0.133               0              -1;
     4    0.177               0              -1;
     5    0.221               0              -1;
     6    0.266               0              -1;
     7    0.310               0              -1;
     8    0.354               0              -1;
     9    0.398               0              -1;
    10    0.443               0              -1;
    11    0.487               0              -1;
    12    0.531               0              -1;
    13    0.576               0              -1;
    14    0.620               0              -1;
    15    0.664               0              -1;
    16    0.708               0              -1;
    17    0.753               0              -1;
    18    0.797               0              -1;
    19    0.841               0              -1;
    20    0.885               0              -1;
    21    0.930               0              -1;
    22    0.974               0              -1;
    23    1.018               0              -1;
    24    1.063               0              -1;
    25    1.107               0              -1;
    26    1.151               0              -1;
    27    1.195               0              -1;
    28    1.240               0              -1;
    29    1.284               0              25;
    30    1.328               0             180;
    31    1.372               0             470;
    32    1.417               0             601;
    33    1.461               0             591;
    34    1.505               0             586;
    35    1.549               0             580;
    36    1.594               0             575;
    37    1.638               0             570;
    38    1.682               0             564;
    39    1.727               0             560;
    40    1.771               0             554;
    41    1.815               0             551;
    42    1.859               0             546;
    43    1.904               0             710;
    44    1.948               0            1353;
    45    1.992               0            1933;
    46    2.036               0            2130;
    47    2.081               0            2122;
    48    2.125               0            2112;
    49    2.169               0            2104;
    50    2.214               0            2093;
    51    2.258               0            2088;
    52    2.302               0            2081;
    53    2.346               0            2079;
    54    2.391               0            2074;
    55    2.435               0            2073;
    56    2.479               0            2070;
    57    2.523               0            2069;
    58    2.568               0            2066;
    59    2.612               0            2066;
    60    2.656               0            2064;
    61    2.701               0            1989;
    62    2.745               0            1545;
    63    2.789               0            1207;
    64    2.833               0            1184;
    65    2.878               0            1182;
    66    2.922               0            1183;
    67    2.966               0            1183;
    68    3.010               0            1182;
    69    3.055               0            1181;
    70    3.099               0            1182;
    71    3.143               0            1181;
    72    3.188               0             955;
    73    3.232               0             -50;
    74    3.276               0            -738;
    75    3.320               0            -747;
    76    3.365               0            -749;
    77    3.409               0            -741;
    78    3.453               0            -738;
    79    3.497               0            -739;
    80    3.542               0            -733;
    81    3.586               0            -730;
    82    3.630               0            -731;
    83    3.674               0           -1195;
    84    3.719               0           -2413;
    85    3.763               0           -2712;
    86    3.807               0           -2684;
    87    3.852               0           -2681;
    88    3.896               0           -2670;
    89    3.940               0           -2663;
    90    3.984               0           -2652;
    91    4.029               0           -2652;
    92    4.073               0           -2648;
    93    4.117               0           -2645;
    94    4.161               0           -3283;
    95    4.206               0           -3809;
    96    4.250               0           -3790;
    97    4.294               0           -3781;
    98    4.339               0           -3770;
    99    4.383               0           -3762;
   100    4.427               0           -3752;
   101    4.471               0           -3741;
   102    4.516               0           -3742;
   103    4.560               0           -3727;
   104    4.604               0           -3730;
   105    4.648               0           -3102;
   106    4.693               0            -923;
   107    4.737               0             441;
   108    4.781               0             431;
   109    4.826               0             433;
   110    4.870               0             428;
   111    4.914               0             422;
   112    4.958               0             423;
   113    5.003               0             422;
   114    5.047               0             416;
   115    5.091               0             416;
   116    5.135               0             702;
   117    5.180               0            1945;
   118    5.224               0            2253;
   119    5.268               0            2234;
   120    5.313               0            2233;
   121    5.357               0            2220;
   122    5.401               0            2217;
   123    5.445               0            2204;
   124    5.490               0            2204;
   125    5.534               0            2192;
   126    5.578               0            2192;
   127    5.622               0            2184;
   128    5.667               0            2183;
   129    5.711               0            2175;
   130    5.755               0            2173;
   131    5.799               0            2170;
   132    5.844               0            2167;
   133    5.888               0            1805;
   134    5.932               0             586;
   135    5.977               0            -489;
   136    6.021               0            -530;
   137    6.065               0            -526;
   138    6.109               0            -521;
   139    6.154               0            -515;
   140    6.198               0            -519;
   141    6.242               0            -513;
   142    6.286               0            -511;
   143    6.331               0            -512;
   144    6.375               0            -779;
   145    6.419               0           -2234;
   146    6.464               0           -3123;
   147    6.508               0           -3101;
   148    6.552               0           -3102;
   149    6.596               0           -3089;
   150    6.641               0           -3079;
   151    6.685               0           -3076;
   152    6.729               0           -3067;
   153    6.773               0           -3059;
   154    6.818               0           -3052;
   155    6.862               0           -3052;
   156    6.906               0           -3041;
   157    6.951               0           -2701;
   158    6.995               0           -1028;
   159    7.039               0             818;
   160    7.083               0             911;
   161    7.128               0             900;
   162    7.172               0             895;
   163    7.216               0             892;
   164    7.260               0             892;
   165    7.305               0             886;
   166    7.349               0             880;
   167    7.393               0             882;
   168    7.438               0             873;
   169    7.482               0             873;
   170    7.526               0             867;
   171    7.570               0             868;
   172    7.615               0             958;
   173    7.659               0            2075;
   174    7.703               0            3180;
   175    7.747               0            3206;
   176    7.792               0            3205;
   177    7.836               0            3195;
   178    7.880               0            3195;
   179    7.924               0            3193;
   180    7.969               0            3190;
   181    8.013               0            3184;
   182    8.057               0            3185;
   183    8.102               0            3181;
   184    8.146               0            3179;
   185    8.190               0            3146;
   186    8.234               0            2505;
   187    8.279               0            1800;
   188    8.323               0            1462;
   189    8.367               0            1472;
   190    8.411               0            1470;
   191    8.456               0            1470;
   192    8.500               0            1471;
   193    8.544               0            1471;
   194    8.589               0            1471;
   195    8.633               0            1469;
   196    8.677               0            1093;
   197    8.721               0            -390;
   198    8.766               0           -2329;
   199    8.810               0           -2551;
   200    8.854               0           -2534;
   201    8.898               0           -2534;
   202    8.943               0           -2523;
   203    8.987               0           -2524;
   204    9.031               0           -2518;
   205    9.076               0           -2515;
   206    9.120               0           -2515;
   207    9.164               0           -2507;
   208    9.208               0           -2509;
   209    9.253               0           -2501;
   210    9.297               0           -2505;
   211    9.341               0           -2497;
   212    9.385               0           -3092;
   213    9.430               0           -3672;
   214    9.474               0           -3731;
   215    9.518               0           -3715;
   216    9.563               0           -3708;
   217    9.607               0           -3699;
   218    9.651               0           -3695;
   219    9.695               0           -3684;
   220    9.740               0           -3682;
   221    9.784               0           -3674;
   222    9.828               0           -3674;
   223    9.872               0           -3667;
   224    9.917               0           -3664;
   225    9.961               0           -3660;
   226   10.005               0           -3659;
   227   10.049               0           -3656;
   228   10.094               0           -3652;
   229   10.138               0           -3648;
   230   10.182               0           -3644;
   231   10.227               0           -3643;
   232   10.271               0           -3639;
   233   10.315               0           -3636;
   234   10.359               0           -3631;
   235   10.404               0           -3627;
   236   10.448               0           -3620;
   237   10.492               0           -3614;
   238   10.536               0           -3607;
   239   10.581               0           -3601;
   240   10.625               0           -3595;
   241   10.669               0           -3592;
   242   10.714               0           -3589;
   243   10.758               0           -3587;
   244   10.802               0           -3585;
   245   10.846               0           -3583;
   246   10.891               0           -3581;
   247   10.935               0           -3580]
