 Sample   Time     Commanded Pos   Encoder 1 Pos   Encoder 2 Pos 

[    0    0.000            2000              -3              -1;
     1    0.022            2000             223               8;
     2    0.044            2000             628              15;
     3    0.066            2000             985              57;
     4    0.089            2000            1246             167;
     5    0.111            2000            1417             350;
     6    0.133            2000            1521             594;
     7    0.155            2000            1600             898;
     8    0.177            2000            1663            1234;
     9    0.199            2000            1727            1601;
    10    0.221            2000            1786            1968;
    11    0.243            2000            1839            2301;
    12    0.266            2000            1908            2595;
    13    0.288            2000            1972            2832;
    14    0.310            2000            2022            2990;
    15    0.332            2000            2067            3068;
    16    0.354            2000            2103            3065;
    17    0.376            2000            2123            2986;
    18    0.398            2000            2136            2854;
    19    0.421            2000            2133            2668;
    20    0.443            2000            2124            2445;
    21    0.465            2000            2109            2205;
    22    0.487            2000            2081            1958;
    23    0.509            2000            2047            1720;
    24    0.531            2000            2015            1514;
    25    0.553            2000            1974            1343;
    26    0.576            2000            1940            1216;
    27    0.598            2000            1915            1148;
    28    0.620            2000            1893            1137;
    29    0.642            2000            1876            1177;
    30    0.664            2000            1867            1260;
    31    0.686            2000            1865            1377;
    32    0.708            2000            1874            1527;
    33    0.730            2000            1882            1691;
    34    0.753            2000            1891            1855;
    35    0.775            2000            1911            2016;
    36    0.797            2000            1937            2166;
    37    0.819            2000            1964            2287;
    38    0.841            2000            1989            2374;
    39    0.863            2000            2009            2424;
    40    0.885            2000            2026            2438;
    41    0.908            2000            2039            2418;
    42    0.930            2000            2044            2367;
    43    0.952            2000            2044            2291;
    44    0.974            2000            2047            2204;
    45    0.996            2000            2041            2106;
    46    1.018            2000            2029            2001;
    47    1.040            2000            2013            1901;
    48    1.063            2000            1997            1812;
    49    1.085            2000            1981            1740;
    50    1.107            2000            1967            1691;
    51    1.129            2000            1955            1659;
    52    1.151            2000            1949            1648;
    53    1.173            2000            1945            1657;
    54    1.195            2000            1941            1674;
    55    1.217            2000            1940            1699;
    56    1.240            2000            1941            1736;
    57    1.262            2000            1941            1779;
    58    1.284            2000            1944            1832;
    59    1.306            2000            1948            1883;
    60    1.328            2000            1951            1930;
    61    1.350            2000            1956            1972;
    62    1.372            2000            1960            2002;
    63    1.395            2000            1966            2025;
    64    1.417            2000            1970            2039;
    65    1.439            2000            1971            2040;
    66    1.461            2000            1972            2033;
    67    1.483            2000            1975            2026;
    68    1.505               0            1966            2017;
    69    1.527               0            1645            1996;
    70    1.549               0            1239            1971;
    71    1.572               0             908            1893;
    72    1.594               0             676            1740;
    73    1.616               0             525            1512;
    74    1.638               0             428            1219;
    75    1.660               0             359             875;
    76    1.682               0             298             507;
    77    1.704               0             223             113;
    78    1.727               0             156            -262;
    79    1.749               0              94            -593;
    80    1.771               0              22            -873;
    81    1.793               0             -44           -1086;
    82    1.815               0             -98           -1211;
    83    1.837               0            -145           -1253;
    84    1.859               0            -177           -1208;
    85    1.882               0            -196           -1092;
    86    1.904               0            -208            -923;
    87    1.926               0            -197            -702;
    88    1.948               0            -183            -453;
    89    1.970               0            -159            -193;
    90    1.992               0            -122              66;
    91    2.014               0             -81             304;
    92    2.036               0             -36             502;
    93    2.059               0              14             660;
    94    2.081               0              54             766;
    95    2.103               0              83             805;
    96    2.125               0             107             787;
    97    2.147               0             123             720;
    98    2.169               0             132             617;
    99    2.191               0             128             482;
   100    2.214               0             116             320;
   101    2.236               0             104             150;
   102    2.258               0              90             -13;
   103    2.280               0              60            -168;
   104    2.302               0              24            -306;
   105    2.324               0              -3            -413;
   106    2.346               0             -27            -482;
   107    2.368               0             -50            -514;
   108    2.391               0             -68            -513;
   109    2.413               0             -80            -486;
   110    2.435               0             -79            -428;
   111    2.457               0             -80            -350;
   112    2.479               0             -80            -263;
   113    2.501               0             -71            -168;
   114    2.523               0             -58             -69;
   115    2.546               0             -47              25;
   116    2.568               0             -33             108;
   117    2.590               0             -19             173;
   118    2.612               0              -1             218;
   119    2.634               0              18             244;
   120    2.656               0              29             244;
   121    2.678               0              37             227;
   122    2.701               0              40             200;
   123    2.723               0              38             163;
   124    2.745               0              37             120;
   125    2.767               0              36              75;
   126    2.789               0              30              30;
   127    2.811               0              24              -9;
   128    2.833               0              21             -41;
   129    2.855               0              14             -66;
   130    2.878               0               7             -80;
   131    2.900               0              -1             -85;
   132    2.922               0              -5             -82;
   133    2.944               0              -7             -71;
   134    2.966               0              -9             -59;
   135    2.988               0             -12             -52;
   136    3.010               0             -12             -45;
   137    3.033               0             -11             -40;
   138    3.055               0             -12             -38;
   139    3.077               0             -12             -40;
   140    3.099               0             -13             -41;
   141    3.121               0             -12             -40;
   142    3.143               0             -10             -39;
   143    3.165               0             -14             -41;
   144    3.188               0             -14             -44;
   145    3.210               0             -11             -41;
   146    3.232               0             -13             -40;
   147    3.254               0             -14             -41;
   148    3.276               0             -14             -43;
   149    3.298               0             -13             -41;
   150    3.320               0             -13             -40;
   151    3.342               0             -14             -41;
   152    3.365               0             -15             -43;
   153    3.387               0             -13             -42;
   154    3.409               0             -12             -41;
   155    3.431               0             -14             -41;
   156    3.453               0             -14             -42;
   157    3.475               0             -14             -41;
   158    3.497               0             -14             -41;
   159    3.520               0             -14             -41;
   160    3.542               0             -14             -41;
   161    3.564               0             -14             -42;
   162    3.586               0             -14             -41;
   163    3.608               0             -14             -41;
   164    3.630               0             -14             -41;
   165    3.652               0             -14             -41;
   166    3.674               0             -14             -41;
   167    3.697               0             -14             -41;
   168    3.719               0             -14             -41;
   169    3.741               0             -14             -41;
   170    3.763               0             -14             -41;
   171    3.785               0             -14             -41;
   172    3.807               0             -14             -41;
   173    3.829               0             -14             -41;
   174    3.852               0             -14             -42;
   175    3.874               0             -14             -42;
   176    3.896               0             -14             -41;
   177    3.918               0             -14             -40;
   178    3.940               0             -14             -41;
   179    3.962               0             -14             -43;
   180    3.984               0             -14             -41;
   181    4.007               0             -14             -40;
   182    4.029               0             -14             -41;
   183    4.051               0             -14             -42;
   184    4.073               0             -14             -41;
   185    4.095               0             -14             -41;
   186    4.117               0             -14             -41;
   187    4.139               0             -14             -42;
   188    4.161               0             -14             -42;
   189    4.184               0             -14             -41;
   190    4.206               0             -14             -41;
   191    4.228               0             -14             -41;
   192    4.250               0             -14             -41;
   193    4.272               0             -14             -41;
   194    4.294               0             -14             -41;
   195    4.316               0             -14             -41;
   196    4.339               0             -14             -41;
   197    4.361               0             -14             -41;
   198    4.383               0             -14             -41;
   199    4.405               0             -14             -41;
   200    4.427               0             -14             -41;
   201    4.449               0             -14             -41;
   202    4.471               0             -14             -41;
   203    4.493               0             -14             -41;
   204    4.516               0             -14             -41;
   205    4.538               0             -14             -41;
   206    4.560               0             -14             -41;
   207    4.582               0             -14             -41;
   208    4.604               0             -14             -41;
   209    4.626               0             -14             -41;
   210    4.648               0             -14             -41;
   211    4.671               0             -14             -41;
   212    4.693               0             -14             -41;
   213    4.715               0             -14             -41;
   214    4.737               0             -14             -41;
   215    4.759               0             -14             -41;
   216    4.781               0             -14             -41;
   217    4.803               0             -14             -41;
   218    4.826               0             -14             -41;
   219    4.848               0             -14             -41;
   220    4.870               0             -14             -41;
   221    4.892               0             -14             -41;
   222    4.914               0             -14             -41;
   223    4.936               0             -14             -41;
   224    4.958               0             -14             -41;
   225    4.980               0             -14             -41;
   226    5.003               0             -14             -41;
   227    5.025               0             -14             -41;
   228    5.047               0             -14             -41;
   229    5.069               0             -14             -41;
   230    5.091               0             -14             -41;
   231    5.113               0             -14             -41;
   232    5.135               0             -14             -41;
   233    5.158               0             -14             -41;
   234    5.180               0             -14             -41;
   235    5.202               0             -14             -41;
   236    5.224               0             -14             -41;
   237    5.246               0             -14             -41;
   238    5.268               0             -14             -41;
   239    5.290               0             -14             -41;
   240    5.313               0             -14             -41;
   241    5.335               0             -14             -41;
   242    5.357               0             -14             -41;
   243    5.379               0             -14             -41;
   244    5.401               0             -14             -41;
   245    5.423               0             -14             -41;
   246    5.445               0             -14             -41;
   247    5.467               0             -14             -41;
   248    5.490               0             -14             -41;
   249    5.512               0             -14             -41;
   250    5.534               0             -14             -41;
   251    5.556               0             -14             -41;
   252    5.578               0             -14             -41;
   253    5.600               0             -14             -41;
   254    5.622               0             -14             -41;
   255    5.645               0             -14             -41;
   256    5.667               0             -14             -41;
   257    5.689               0             -14             -41;
   258    5.711               0             -14             -41;
   259    5.733               0             -14             -41;
   260    5.755               0             -14             -41;
   261    5.777               0             -14             -41;
   262    5.799               0             -14             -41;
   263    5.822               0             -14             -41;
   264    5.844               0             -14             -41;
   265    5.866               0             -14             -41;
   266    5.888               0             -14             -41;
   267    5.910               0             -14             -41;
   268    5.932               0             -14             -41;
   269    5.954               0             -14             -41;
   270    5.977               0             -14             -41;
   271    5.999               0             -14             -41;
   272    6.021               0             -14             -41;
   273    6.043               0             -14             -41;
   274    6.065               0             -14             -41;
   275    6.087               0             -14             -41;
   276    6.109               0             -14             -41;
   277    6.132               0             -14             -41;
   278    6.154               0             -14             -41;
   279    6.176               0             -14             -41;
   280    6.198               0             -14             -41;
   281    6.220               0             -14             -41;
   282    6.242               0             -14             -41;
   283    6.264               0             -14             -41;
   284    6.286               0             -14             -41;
   285    6.309               0             -14             -41;
   286    6.331               0             -14             -41;
   287    6.353               0             -14             -41;
   288    6.375               0             -14             -41;
   289    6.397               0             -14             -41;
   290    6.419               0             -14             -41;
   291    6.441               0             -14             -41;
   292    6.464               0             -14             -41;
   293    6.486               0             -14             -41;
   294    6.508               0             -14             -41;
   295    6.530               0             -14             -41;
   296    6.552               0             -14             -41;
   297    6.574               0             -14             -41;
   298    6.596               0             -14             -41;
   299    6.618               0             -14             -41;
   300    6.641               0             -14             -41;
   301    6.663               0             -14             -41;
   302    6.685               0             -14             -41;
   303    6.707               0             -14             -41;
   304    6.729               0             -14             -41;
   305    6.751               0             -14             -41;
   306    6.773               0             -14             -41;
   307    6.796               0             -14             -41;
   308    6.818               0             -14             -41;
   309    6.840               0             -14             -41;
   310    6.862               0             -14             -41;
   311    6.884               0             -14             -41;
   312    6.906               0             -14             -41;
   313    6.928               0             -14             -41;
   314    6.951               0             -14             -41;
   315    6.973               0             -14             -41;
   316    6.995               0             -14             -41;
   317    7.017               0             -14             -41;
   318    7.039               0             -14             -41;
   319    7.061               0             -14             -41;
   320    7.083               0             -14             -41;
   321    7.105               0             -14             -41;
   322    7.128               0             -14             -41;
   323    7.150               0             -14             -41;
   324    7.172               0             -14             -41;
   325    7.194               0             -14             -41;
   326    7.216               0             -14             -41;
   327    7.238               0             -14             -41;
   328    7.260               0             -14             -41;
   329    7.283               0             -14             -41;
   330    7.305               0             -14             -41;
   331    7.327               0             -14             -41;
   332    7.349               0             -14             -41;
   333    7.371               0             -14             -41;
   334    7.393               0             -14             -41;
   335    7.415               0             -14             -41;
   336    7.438               0             -14             -41;
   337    7.460               0             -14             -41;
   338    7.482               0             -14             -41;
   339    7.504               0             -14             -41;
   340    7.526               0             -14             -41;
   341    7.548               0             -14             -41;
   342    7.570               0             -14             -41;
   343    7.592               0             -14             -41;
   344    7.615               0             -14             -41;
   345    7.637               0             -14             -41;
   346    7.659               0             -14             -41;
   347    7.681               0             -14             -41;
   348    7.703               0             -14             -41;
   349    7.725               0             -14             -41;
   350    7.747               0             -14             -41;
   351    7.770               0             -14             -41;
   352    7.792               0             -14             -41;
   353    7.814               0             -14             -41;
   354    7.836               0             -14             -41;
   355    7.858               0             -14             -41;
   356    7.880               0             -14             -41;
   357    7.902               0             -14             -41;
   358    7.924               0             -14             -41;
   359    7.947               0             -14             -41;
   360    7.969               0             -14             -41]
